V x y t
0 10 19 0
1 29 38 0
3 38 417 0
3 38 417 1
2 33 705 1
0 10 19 1
2 33 705 2
5 63 651 2
11 117 728 2
3 38 417 3
1 29 38 3
8 106 242 3
5 63 651 4
2 33 705 4
3 38 417 4
4 41 854 5
7 92 871 5
6 69 919 5
3 38 417 6
14 132 348 6
15 145 432 6
4 41 854 7
9 107 739 7
7 92 871 7
3 38 417 8
8 106 242 8
14 132 348 8
9 107 739 9
4 41 854 9
2 33 705 9
9 107 739 10
11 117 728 10
10 112 740 10
10 112 740 11
7 92 871 11
9 107 739 11
11 117 728 12
9 107 739 12
2 33 705 12
10 112 740 13
11 117 728 13
17 170 800 13
11 117 728 14
13 129 697 14
17 170 800 14
12 128 865 15
7 92 871 15
10 112 740 15
12 128 865 16
6 69 919 16
7 92 871 16
13 129 697 17
11 117 728 17
5 63 651 17
15 145 432 18
5 63 651 18
3 38 417 18
5 63 651 19
15 145 432 19
19 214 476 19
19 214 476 20
13 129 697 20
5 63 651 20
16 166 38 21
1 29 38 21
0 10 19 21
1 29 38 22
16 166 38 22
18 171 85 22
18 171 85 23
8 106 242 23
1 29 38 23
8 106 242 24
18 171 85 24
29 327 244 24
20 215 341 25
14 132 348 25
8 106 242 25
17 170 800 26
12 128 865 26
10 112 740 26
21 225 408 27
15 145 432 27
14 132 348 27
14 132 348 28
20 215 341 28
21 225 408 28
13 129 697 29
19 214 476 29
25 308 642 29
18 171 85 30
24 301 26 30
29 327 244 30
21 225 408 31
19 214 476 31
15 145 432 31
19 214 476 32
21 225 408 32
28 321 429 32
17 170 800 33
23 275 741 33
26 309 931 33
22 227 974 34
12 128 865 34
17 170 800 34
22 227 974 35
6 69 919 35
12 128 865 35
20 215 341 36
29 327 244 36
30 341 255 36
23 275 741 37
17 170 800 37
13 129 697 37
24 301 26 38
16 166 38 38
0 10 19 38
24 301 26 39
18 171 85 39
16 166 38 39
29 327 244 40
20 215 341 40
8 106 242 40
25 308 642 41
23 275 741 41
13 129 697 41
23 275 741 42
25 308 642 42
32 382 800 42
26 309 931 43
22 227 974 43
17 170 800 43
27 315 543 44
25 308 642 44
19 214 476 44
25 308 642 45
27 315 543 45
31 361 582 45
28 321 429 46
27 315 543 46
19 214 476 46
27 315 543 47
28 321 429 47
33 397 465 47
28 321 429 48
21 225 408 48
20 215 341 48
30 341 255 49
28 321 429 49
20 215 341 49
29 327 244 50
24 301 26 50
37 437 75 50
28 321 429 51
30 341 255 51
34 407 369 51
25 308 642 52
31 361 582 52
39 460 732 52
31 361 582 53
33 397 465 53
36 413 468 53
32 382 800 54
26 309 931 54
23 275 741 54
34 407 369 55
33 397 465 55
28 321 429 55
33 397 465 56
31 361 582 56
27 315 543 56
40 463 212 57
30 341 255 57
29 327 244 57
33 397 465 58
34 407 369 58
36 413 468 58
39 460 732 59
32 382 800 59
25 308 642 59
35 408 914 60
26 309 931 60
32 382 800 60
35 408 914 61
22 227 974 61
26 309 931 61
31 361 582 62
36 413 468 62
47 529 631 62
29 327 244 63
37 437 75 63
40 463 212 63
30 341 255 64
40 463 212 64
38 457 280 64
34 407 369 65
38 457 280 65
41 481 367 65
34 407 369 66
41 481 367 66
42 497 423 66
32 382 800 67
39 460 732 67
43 498 866 67
38 457 280 68
34 407 369 68
30 341 255 68
38 457 280 69
40 463 212 69
44 518 300 69
42 497 423 70
36 413 468 70
34 407 369 70
41 481 367 71
44 518 300 71
48 543 436 71
36 413 468 72
49 546 449 72
51 576 572 72
47 529 631 73
39 460 732 73
31 361 582 73
43 498 866 74
35 408 914 74
32 382 800 74
40 463 212 75
52 576 183 75
44 518 300 75
44 518 300 76
41 481 367 76
38 457 280 76
48 543 436 77
42 497 423 77
41 481 367 77
43 498 866 78
46 527 849 78
45 522 921 78
45 522 921 79
35 408 914 79
43 498 866 79
45 522 921 80
22 227 974 80
35 408 914 80
46 527 849 81
43 498 866 81
39 460 732 81
39 460 732 82
47 529 631 82
50 569 699 82
42 497 423 83
48 543 436 83
49 546 449 83
49 546 449 84
36 413 468 84
42 497 423 84
44 518 300 85
52 576 183 85
55 655 367 85
51 576 572 86
47 529 631 86
36 413 468 86
50 569 699 87
46 527 849 87
39 460 732 87
46 527 849 88
50 569 699 88
59 777 834 88
55 655 367 89
49 546 449 89
48 543 436 89
47 529 631 90
51 576 572 90
54 591 647 90
52 576 183 91
40 463 212 91
37 437 75 91
55 655 367 92
48 543 436 92
44 518 300 92
54 591 647 93
53 580 665 93
47 529 631 93
53 580 665 94
50 569 699 94
47 529 631 94
53 580 665 95
63 804 735 95
50 569 699 95
57 684 406 96
51 576 572 96
49 546 449 96
63 804 735 97
53 580 665 97
54 591 647 97
49 546 449 98
55 655 367 98
57 684 406 98
56 672 598 99
54 591 647 99
51 576 572 99
63 804 735 100
54 591 647 100
56 672 598 100
55 655 367 101
52 576 183 101
61 803 278 101
57 684 406 102
56 672 598 102
51 576 572 102
58 742 102 103
37 437 75 103
24 301 26 103
58 742 102 104
52 576 183 104
37 437 75 104
52 576 183 105
58 742 102 105
61 803 278 105
60 795 300 106
57 684 406 106
55 655 367 106
63 804 735 107
56 672 598 107
57 684 406 107
59 777 834 108
45 522 921 108
46 527 849 108
57 684 406 109
60 795 300 109
77 896 561 109
61 803 278 110
60 795 300 110
55 655 367 110
60 795 300 111
61 803 278 111
87 956 346 111
59 777 834 112
63 804 735 112
67 822 780 112
62 803 980 113
45 522 921 113
59 777 834 113
62 803 980 114
22 227 974 114
45 522 921 114
63 804 735 115
59 777 834 115
50 569 699 115
77 896 561 116
63 804 735 116
57 684 406 116
59 777 834 117
64 809 831 117
69 837 901 117
65 811 104 118
58 742 102 118
24 301 26 118
65 811 104 119
61 803 278 119
58 742 102 119
61 803 278 120
65 811 104 120
74 878 223 120
64 809 831 121
67 822 780 121
68 833 806 121
66 816 927 122
62 803 980 122
59 777 834 122
67 822 780 123
64 809 831 123
59 777 834 123
63 804 735 124
77 896 561 124
76 896 635 124
64 809 831 125
68 833 806 125
69 837 901 125
80 911 855 126
69 837 901 126
68 833 806 126
69 837 901 127
66 816 927 127
59 777 834 127
66 816 927 128
69 837 901 128
70 841 959 128
71 846 960 129
70 841 959 129
69 837 901 129
70 841 959 130
62 803 980 130
66 816 927 130
61 803 278 131
74 878 223 131
87 956 346 131
71 846 960 132
62 803 980 132
70 841 959 132
65 811 104 133
72 872 137 133
74 878 223 133
68 833 806 134
79 906 779 134
81 915 816 134
63 804 735 135
76 896 635 135
73 875 754 135
73 875 754 136
76 896 635 136
84 927 688 136
71 846 960 137
69 837 901 137
85 927 933 137
75 895 980 138
62 803 980 138
71 846 960 138
73 875 754 139
67 822 780 139
63 804 735 139
73 875 754 140
68 833 806 140
67 822 780 140
78 906 139 141
72 872 137 141
65 811 104 141
78 906 139 142
74 878 223 142
72 872 137 142
74 878 223 143
78 906 139 143
88 985 190 143
87 956 346 144
77 896 561 144
60 795 300 144
77 896 561 145
87 956 346 145
86 952 565 145
79 906 779 146
68 833 806 146
73 875 754 146
81 915 816 147
80 911 855 147
68 833 806 147
69 837 901 148
80 911 855 148
85 927 933 148
79 906 779 149
82 924 753 149
81 915 816 149
82 924 753 150
79 906 779 150
73 875 754 150
81 915 816 151
82 924 753 151
89 997 647 151
85 927 933 152
75 895 980 152
71 846 960 152
75 895 980 153
85 927 933 153
83 926 972 153
73 875 754 154
84 927 688 154
82 924 753 154
84 927 688 155
89 997 647 155
82 924 753 155
85 927 933 156
80 911 855 156
81 915 816 156
76 896 635 157
86 952 565 157
89 997 647 157
89 997 647 158
84 927 688 158
76 896 635 158
89 997 647 159
85 927 933 159
81 915 816 159
86 952 565 160
76 896 635 160
77 896 561 160
88 985 190 161
87 956 346 161
74 878 223 161
87 956 346 162
88 985 190 162
89 997 647 162
89 997 647 163
86 952 565 163
87 956 346 163
89 997 647 164
83 926 972 164
85 927 933 164
