V x y Q
0 10.0 19.0 0
90 19.5 28.5 0
91 24.0 254.0 0
92 21.5 362.0 0
90 19.5 28.5 1
1 29.0 38.0 1
93 31.0 371.5 1
91 24.0 254.0 1
93 31.0 371.5 2
2 33.0 705.0 2
92 21.5 362.0 2
91 24.0 254.0 2
3 38.0 417.0 3
94 35.5 561.0 3
95 33.33 386.67 3
96 33.5 227.5 3
94 35.5 561.0 4
2 33.0 705.0 4
93 31.0 371.5 4
95 33.33 386.67 4
93 31.0 371.5 5
1 29.0 38.0 5
96 33.5 227.5 5
95 33.33 386.67 5
4 41.0 854.0 6
97 37.0 779.5 6
98 37.33 658.67 6
99 39.5 635.5 6
97 37.0 779.5 7
2 33.0 705.0 7
94 35.5 561.0 7
98 37.33 658.67 7
94 35.5 561.0 8
3 38.0 417.0 8
99 39.5 635.5 8
98 37.33 658.67 8
5 63.0 651.0 9
100 50.5 534.0 9
101 43.33 368.67 9
102 46.0 344.5 9
100 50.5 534.0 10
3 38.0 417.0 10
96 33.5 227.5 10
101 43.33 368.67 10
96 33.5 227.5 11
1 29.0 38.0 11
102 46.0 344.5 11
101 43.33 368.67 11
5 63.0 651.0 12
103 52.0 752.5 12
104 47.33 640.67 12
100 50.5 534.0 12
103 52.0 752.5 13
4 41.0 854.0 13
99 39.5 635.5 13
104 47.33 640.67 13
99 39.5 635.5 14
3 38.0 417.0 14
100 50.5 534.0 14
104 47.33 640.67 14
6 69.0 919.0 15
105 55.0 886.5 15
106 57.67 808.0 15
107 66.0 785.0 15
105 55.0 886.5 16
4 41.0 854.0 16
103 52.0 752.5 16
106 57.67 808.0 16
103 52.0 752.5 17
5 63.0 651.0 17
107 66.0 785.0 17
106 57.67 808.0 17
7 92.0 871.0 18
108 77.5 761.0 18
109 61.33 520.0 18
110 60.5 454.5 18
108 77.5 761.0 19
5 63.0 651.0 19
102 46.0 344.5 19
109 61.33 520.0 19
102 46.0 344.5 20
1 29.0 38.0 20
110 60.5 454.5 20
109 61.33 520.0 20
7 92.0 871.0 21
111 80.5 895.0 21
112 74.67 813.67 21
108 77.5 761.0 21
111 80.5 895.0 22
6 69.0 919.0 22
107 66.0 785.0 22
112 74.67 813.67 22
107 66.0 785.0 23
5 63.0 651.0 23
108 77.5 761.0 23
112 74.67 813.67 23
8 106.0 242.0 24
113 99.0 556.5 24
114 75.67 383.67 24
115 67.5 140.0 24
113 99.0 556.5 25
7 92.0 871.0 25
110 60.5 454.5 25
114 75.67 383.67 25
110 60.5 454.5 26
1 29.0 38.0 26
115 67.5 140.0 26
114 75.67 383.67 26
9 107.0 739.0 27
116 99.5 805.0 27
117 101.67 617.33 27
118 106.5 490.5 27
116 99.5 805.0 28
7 92.0 871.0 28
113 99.0 556.5 28
117 101.67 617.33 28
113 99.0 556.5 29
8 106.0 242.0 29
118 106.5 490.5 29
117 101.67 617.33 29
10 112.0 740.0 30
119 109.5 739.5 30
120 108.33 573.67 30
121 109.0 491.0 30
119 109.5 739.5 31
9 107.0 739.0 31
118 106.5 490.5 31
120 108.33 573.67 31
118 106.5 490.5 32
8 106.0 242.0 32
121 109.0 491.0 32
120 108.33 573.67 32
10 112.0 740.0 33
122 102.0 805.5 33
123 103.67 783.33 33
119 109.5 739.5 33
122 102.0 805.5 34
7 92.0 871.0 34
116 99.5 805.0 34
123 103.67 783.33 34
116 99.5 805.0 35
9 107.0 739.0 35
119 109.5 739.5 35
123 103.67 783.33 35
11 117.0 728.0 36
124 114.5 734.0 36
125 111.67 570.0 36
126 111.5 485.0 36
124 114.5 734.0 37
10 112.0 740.0 37
121 109.0 491.0 37
125 111.67 570.0 37
121 109.0 491.0 38
8 106.0 242.0 38
126 111.5 485.0 38
125 111.67 570.0 38
11 117.0 728.0 39
127 104.5 799.5 39
128 107.0 779.67 39
124 114.5 734.0 39
127 104.5 799.5 40
7 92.0 871.0 40
122 102.0 805.5 40
128 107.0 779.67 40
122 102.0 805.5 41
10 112.0 740.0 41
124 114.5 734.0 41
128 107.0 779.67 41
12 128.0 865.0 42
129 122.5 796.5 42
130 117.0 611.67 42
131 117.0 553.5 42
129 122.5 796.5 43
11 117.0 728.0 43
126 111.5 485.0 43
130 117.0 611.67 43
126 111.5 485.0 44
8 106.0 242.0 44
131 117.0 553.5 44
130 117.0 611.67 44
12 128.0 865.0 45
132 110.0 868.0 45
133 112.33 821.33 45
129 122.5 796.5 45
132 110.0 868.0 46
7 92.0 871.0 46
127 104.5 799.5 46
133 112.33 821.33 46
127 104.5 799.5 47
11 117.0 728.0 47
129 122.5 796.5 47
133 112.33 821.33 47
12 128.0 865.0 48
134 98.5 892.0 48
135 96.33 885.0 48
132 110.0 868.0 48
134 98.5 892.0 49
6 69.0 919.0 49
111 80.5 895.0 49
135 96.33 885.0 49
111 80.5 895.0 50
7 92.0 871.0 50
132 110.0 868.0 50
135 96.33 885.0 50
13 129.0 697.0 51
136 128.5 781.0 51
137 121.0 601.33 51
138 117.5 469.5 51
136 128.5 781.0 52
12 128.0 865.0 52
131 117.0 553.5 52
137 121.0 601.33 52
131 117.0 553.5 53
8 106.0 242.0 53
138 117.5 469.5 53
137 121.0 601.33 53
14 132.0 348.0 54
139 130.5 522.5 54
140 122.33 429.0 54
141 119.0 295.0 54
139 130.5 522.5 55
13 129.0 697.0 55
138 117.5 469.5 55
140 122.33 429.0 55
138 117.5 469.5 56
8 106.0 242.0 56
141 119.0 295.0 56
140 122.33 429.0 56
14 132.0 348.0 57
142 130.0 606.5 57
143 129.67 636.67 57
139 130.5 522.5 57
142 130.0 606.5 58
12 128.0 865.0 58
136 128.5 781.0 58
143 129.67 636.67 58
136 128.5 781.0 59
13 129.0 697.0 59
139 130.5 522.5 59
143 129.67 636.67 59
15 145.0 432.0 60
144 136.5 648.5 60
145 135.0 548.33 60
146 138.5 390.0 60
144 136.5 648.5 61
12 128.0 865.0 61
142 130.0 606.5 61
145 135.0 548.33 61
142 130.0 606.5 62
14 132.0 348.0 62
146 138.5 390.0 62
145 135.0 548.33 62
16 166.0 38.0 63
147 97.5 38.0 63
148 68.33 31.67 63
149 88.0 28.5 63
147 97.5 38.0 64
1 29.0 38.0 64
90 19.5 28.5 64
148 68.33 31.67 64
90 19.5 28.5 65
0 10.0 19.0 65
149 88.0 28.5 65
148 68.33 31.67 65
16 166.0 38.0 66
150 136.0 140.0 66
151 100.33 106.0 66
147 97.5 38.0 66
150 136.0 140.0 67
8 106.0 242.0 67
115 67.5 140.0 67
151 100.33 106.0 67
115 67.5 140.0 68
1 29.0 38.0 68
147 97.5 38.0 68
151 100.33 106.0 68
16 166.0 38.0 69
152 149.0 193.0 69
153 134.67 209.33 69
150 136.0 140.0 69
152 149.0 193.0 70
14 132.0 348.0 70
141 119.0 295.0 70
153 134.67 209.33 70
141 119.0 295.0 71
8 106.0 242.0 71
150 136.0 140.0 71
153 134.67 209.33 71
16 166.0 38.0 72
154 155.5 235.0 72
155 147.67 272.67 72
152 149.0 193.0 72
154 155.5 235.0 73
15 145.0 432.0 73
146 138.5 390.0 73
155 147.67 272.67 73
146 138.5 390.0 74
14 132.0 348.0 74
152 149.0 193.0 74
155 147.67 272.67 74
16 166.0 38.0 75
156 147.0 451.5 75
157 146.33 445.0 75
154 155.5 235.0 75
156 147.0 451.5 76
12 128.0 865.0 76
144 136.5 648.5 76
157 146.33 445.0 76
144 136.5 648.5 77
15 145.0 432.0 77
154 155.5 235.0 77
157 146.33 445.0 77
17 170.0 800.0 78
158 149.0 832.5 78
159 154.67 567.67 78
160 168.0 419.0 78
158 149.0 832.5 79
12 128.0 865.0 79
156 147.0 451.5 79
159 154.67 567.67 79
156 147.0 451.5 80
16 166.0 38.0 80
160 168.0 419.0 80
159 154.67 567.67 80
18 171.0 85.0 81
161 170.5 442.5 81
162 169.0 307.67 81
163 168.5 61.5 81
161 170.5 442.5 82
17 170.0 800.0 82
160 168.0 419.0 82
162 169.0 307.67 82
160 168.0 419.0 83
16 166.0 38.0 83
163 168.5 61.5 83
162 169.0 307.67 83
19 214.0 476.0 84
164 192.5 280.5 84
165 183.67 199.67 84
166 190.0 257.0 84
164 192.5 280.5 85
18 171.0 85.0 85
163 168.5 61.5 85
165 183.67 199.67 85
163 168.5 61.5 86
16 166.0 38.0 86
166 190.0 257.0 86
165 183.67 199.67 86
19 214.0 476.0 87
167 192.0 638.0 87
168 185.0 453.67 87
164 192.5 280.5 87
167 192.0 638.0 88
17 170.0 800.0 88
161 170.5 442.5 88
168 185.0 453.67 88
161 170.5 442.5 89
18 171.0 85.0 89
164 192.5 280.5 89
168 185.0 453.67 89
20 215.0 341.0 90
169 214.5 408.5 90
170 198.33 285.0 90
171 190.5 189.5 90
169 214.5 408.5 91
19 214.0 476.0 91
166 190.0 257.0 91
170 198.33 285.0 91
166 190.0 257.0 92
16 166.0 38.0 92
171 190.5 189.5 92
170 198.33 285.0 92
21 225.0 408.0 93
172 219.5 442.0 93
173 218.0 408.33 93
174 220.0 374.5 93
172 219.5 442.0 94
19 214.0 476.0 94
169 214.5 408.5 94
173 218.0 408.33 94
169 214.5 408.5 95
20 215.0 341.0 95
174 220.0 374.5 95
173 218.0 408.33 95
21 225.0 408.0 96
175 197.5 604.0 96
176 203.0 561.33 96
172 219.5 442.0 96
175 197.5 604.0 97
17 170.0 800.0 97
167 192.0 638.0 97
176 203.0 561.33 97
167 192.0 638.0 98
19 214.0 476.0 98
172 219.5 442.0 98
176 203.0 561.33 98
22 227.0 974.0 99
177 198.5 887.0 99
178 207.33 727.33 99
179 226.0 691.0 99
177 198.5 887.0 100
17 170.0 800.0 100
175 197.5 604.0 100
178 207.33 727.33 100
175 197.5 604.0 101
21 225.0 408.0 101
179 226.0 691.0 101
178 207.33 727.33 101
22 227.0 974.0 102
180 177.5 919.5 102
181 175.0 879.67 102
177 198.5 887.0 102
180 177.5 919.5 103
12 128.0 865.0 103
158 149.0 832.5 103
181 175.0 879.67 103
158 149.0 832.5 104
17 170.0 800.0 104
177 198.5 887.0 104
181 175.0 879.67 104
22 227.0 974.0 105
182 148.0 946.5 105
183 141.33 919.33 105
180 177.5 919.5 105
182 148.0 946.5 106
6 69.0 919.0 106
134 98.5 892.0 106
183 141.33 919.33 106
134 98.5 892.0 107
12 128.0 865.0 107
180 177.5 919.5 107
183 141.33 919.33 107
23 275.0 741.0 108
184 250.0 574.5 108
185 238.33 496.67 108
186 245.0 541.0 108
184 250.0 574.5 109
21 225.0 408.0 109
174 220.0 374.5 109
185 238.33 496.67 109
174 220.0 374.5 110
20 215.0 341.0 110
186 245.0 541.0 110
185 238.33 496.67 110
23 275.0 741.0 111
187 251.0 857.5 111
188 242.33 707.67 111
184 250.0 574.5 111
187 251.0 857.5 112
22 227.0 974.0 112
179 226.0 691.0 112
188 242.33 707.67 112
179 226.0 691.0 113
21 225.0 408.0 113
184 250.0 574.5 113
188 242.33 707.67 113
24 301.0 26.0 114
189 233.5 32.0 114
190 159.0 27.67 114
191 155.5 22.5 114
189 233.5 32.0 115
16 166.0 38.0 115
149 88.0 28.5 115
190 159.0 27.67 115
149 88.0 28.5 116
0 10.0 19.0 116
191 155.5 22.5 116
190 159.0 27.67 116
24 301.0 26.0 117
192 258.0 183.5 117
193 227.33 135.0 117
189 233.5 32.0 117
192 258.0 183.5 118
20 215.0 341.0 118
171 190.5 189.5 118
193 227.33 135.0 118
171 190.5 189.5 119
16 166.0 38.0 119
189 233.5 32.0 119
193 227.33 135.0 119
24 301.0 26.0 120
194 288.0 383.5 120
195 263.67 369.33 120
192 258.0 183.5 120
194 288.0 383.5 121
23 275.0 741.0 121
186 245.0 541.0 121
195 263.67 369.33 121
186 245.0 541.0 122
20 215.0 341.0 122
192 258.0 183.5 122
195 263.67 369.33 122
25 308.0 642.0 123
196 291.5 691.5 123
197 294.67 469.67 123
198 304.5 334.0 123
196 291.5 691.5 124
23 275.0 741.0 124
194 288.0 383.5 124
197 294.67 469.67 124
194 288.0 383.5 125
24 301.0 26.0 125
198 304.5 334.0 125
197 294.67 469.67 125
25 308.0 642.0 126
199 267.5 808.0 126
200 270.0 785.67 126
196 291.5 691.5 126
199 267.5 808.0 127
22 227.0 974.0 127
187 251.0 857.5 127
200 270.0 785.67 127
187 251.0 857.5 128
23 275.0 741.0 128
196 291.5 691.5 128
200 270.0 785.67 128
26 309.0 931.0 129
201 268.0 952.5 129
202 281.33 849.0 129
203 308.5 786.5 129
201 268.0 952.5 130
22 227.0 974.0 130
199 267.5 808.0 130
202 281.33 849.0 130
199 267.5 808.0 131
25 308.0 642.0 131
203 308.5 786.5 131
202 281.33 849.0 131
27 315.0 543.0 132
204 311.5 592.5 132
205 308.0 403.67 132
206 308.0 284.5 132
204 311.5 592.5 133
25 308.0 642.0 133
198 304.5 334.0 133
205 308.0 403.67 133
198 304.5 334.0 134
24 301.0 26.0 134
206 308.0 284.5 134
205 308.0 403.67 134
27 315.0 543.0 135
207 312.0 737.0 135
208 310.67 705.33 135
204 311.5 592.5 135
207 312.0 737.0 136
26 309.0 931.0 136
203 308.5 786.5 136
208 310.67 705.33 136
203 308.5 786.5 137
25 308.0 642.0 137
204 311.5 592.5 137
208 310.67 705.33 137
28 321.0 429.0 138
209 318.0 486.0 138
210 312.33 332.67 138
211 311.0 227.5 138
209 318.0 486.0 139
27 315.0 543.0 139
206 308.0 284.5 139
210 312.33 332.67 139
206 308.0 284.5 140
24 301.0 26.0 140
211 311.0 227.5 140
210 312.33 332.67 140
28 321.0 429.0 141
212 315.0 680.0 141
213 315.0 634.33 141
209 318.0 486.0 141
212 315.0 680.0 142
26 309.0 931.0 142
207 312.0 737.0 142
213 315.0 634.33 142
207 312.0 737.0 143
27 315.0 543.0 143
209 318.0 486.0 143
213 315.0 634.33 143
29 327.0 244.0 144
214 324.0 336.5 144
215 316.33 233.0 144
216 314.0 135.0 144
214 324.0 336.5 145
28 321.0 429.0 145
211 311.0 227.5 145
215 316.33 233.0 145
211 311.0 227.5 146
24 301.0 26.0 146
216 314.0 135.0 146
215 316.33 233.0 146
29 327.0 244.0 147
217 318.0 587.5 147
218 319.0 534.67 147
214 324.0 336.5 147
217 318.0 587.5 148
26 309.0 931.0 148
212 315.0 680.0 148
218 319.0 534.67 148
212 315.0 680.0 149
28 321.0 429.0 149
214 324.0 336.5 149
218 319.0 534.67 149
30 341.0 255.0 150
219 334.0 249.5 150
220 323.0 175.0 150
221 321.0 140.5 150
219 334.0 249.5 151
29 327.0 244.0 151
216 314.0 135.0 151
220 323.0 175.0 151
216 314.0 135.0 152
24 301.0 26.0 152
221 321.0 140.5 152
220 323.0 175.0 152
30 341.0 255.0 153
222 325.0 593.0 153
223 325.67 476.67 153
219 334.0 249.5 153
222 325.0 593.0 154
26 309.0 931.0 154
217 318.0 587.5 154
223 325.67 476.67 154
217 318.0 587.5 155
29 327.0 244.0 155
219 334.0 249.5 155
223 325.67 476.67 155
31 361.0 582.0 156
224 335.0 756.5 156
225 337.0 589.33 156
226 351.0 418.5 156
224 335.0 756.5 157
26 309.0 931.0 157
222 325.0 593.0 157
225 337.0 589.33 157
222 325.0 593.0 158
30 341.0 255.0 158
226 351.0 418.5 158
225 337.0 589.33 158
32 382.0 800.0 159
227 371.5 691.0 159
228 361.33 545.67 159
229 361.5 527.5 159
227 371.5 691.0 160
31 361.0 582.0 160
226 351.0 418.5 160
228 361.33 545.67 160
226 351.0 418.5 161
30 341.0 255.0 161
229 361.5 527.5 161
228 361.33 545.67 161
32 382.0 800.0 162
230 345.5 865.5 162
231 350.67 771.0 162
227 371.5 691.0 162
230 345.5 865.5 163
26 309.0 931.0 163
224 335.0 756.5 163
231 350.67 771.0 163
224 335.0 756.5 164
31 361.0 582.0 164
227 371.5 691.0 164
231 350.67 771.0 164
33 397.0 465.0 165
232 369.0 360.0 165
233 346.33 248.67 165
234 349.0 245.5 165
232 369.0 360.0 166
30 341.0 255.0 166
221 321.0 140.5 166
233 346.33 248.67 166
221 321.0 140.5 167
24 301.0 26.0 167
234 349.0 245.5 167
233 346.33 248.67 167
33 397.0 465.0 168
235 389.5 632.5 168
236 373.33 506.67 168
232 369.0 360.0 168
235 389.5 632.5 169
32 382.0 800.0 169
229 361.5 527.5 169
236 373.33 506.67 169
229 361.5 527.5 170
30 341.0 255.0 170
232 369.0 360.0 170
236 373.33 506.67 170
34 407.0 369.0 171
237 402.0 417.0 171
238 368.33 286.67 171
239 354.0 197.5 171
237 402.0 417.0 172
33 397.0 465.0 172
234 349.0 245.5 172
238 368.33 286.67 172
234 349.0 245.5 173
24 301.0 26.0 173
239 354.0 197.5 173
238 368.33 286.67 173
34 407.0 369.0 174
240 394.5 584.5 174
241 395.33 544.67 174
237 402.0 417.0 174
240 394.5 584.5 175
32 382.0 800.0 175
235 389.5 632.5 175
241 395.33 544.67 175
235 389.5 632.5 176
33 397.0 465.0 176
237 402.0 417.0 176
241 395.33 544.67 176
35 408.0 914.0 177
242 395.0 857.0 177
243 399.0 694.33 177
244 407.5 641.5 177
242 395.0 857.0 178
32 382.0 800.0 178
240 394.5 584.5 178
243 399.0 694.33 178
240 394.5 584.5 179
34 407.0 369.0 179
244 407.5 641.5 179
243 399.0 694.33 179
35 408.0 914.0 180
245 358.5 922.5 180
246 366.33 881.67 180
242 395.0 857.0 180
245 358.5 922.5 181
26 309.0 931.0 181
230 345.5 865.5 181
246 366.33 881.67 181
230 345.5 865.5 182
32 382.0 800.0 182
242 395.0 857.0 182
246 366.33 881.67 182
35 408.0 914.0 183
247 317.5 944.0 183
248 314.67 939.67 183
245 358.5 922.5 183
247 317.5 944.0 184
22 227.0 974.0 184
201 268.0 952.5 184
248 314.67 939.67 184
201 268.0 952.5 185
26 309.0 931.0 185
245 358.5 922.5 185
248 314.67 939.67 185
36 413.0 468.0 186
249 410.5 691.0 186
250 409.33 583.67 186
251 410.0 418.5 186
249 410.5 691.0 187
35 408.0 914.0 187
244 407.5 641.5 187
250 409.33 583.67 187
244 407.5 641.5 188
34 407.0 369.0 188
251 410.0 418.5 188
250 409.33 583.67 188
37 437.0 75.0 189
252 422.0 222.0 189
253 381.67 156.67 189
254 369.0 50.5 189
252 422.0 222.0 190
34 407.0 369.0 190
239 354.0 197.5 190
253 381.67 156.67 190
239 354.0 197.5 191
24 301.0 26.0 191
254 369.0 50.5 191
253 381.67 156.67 191
37 437.0 75.0 192
255 425.0 271.5 192
256 419.0 304.0 192
252 422.0 222.0 192
255 425.0 271.5 193
36 413.0 468.0 193
251 410.0 418.5 193
256 419.0 304.0 193
251 410.0 418.5 194
34 407.0 369.0 194
252 422.0 222.0 194
256 419.0 304.0 194
37 437.0 75.0 195
257 422.5 494.5 195
258 419.33 485.67 195
255 425.0 271.5 195
257 422.5 494.5 196
35 408.0 914.0 196
249 410.5 691.0 196
258 419.33 485.67 196
249 410.5 691.0 197
36 413.0 468.0 197
255 425.0 271.5 197
258 419.33 485.67 197
38 457.0 280.0 198
259 432.5 597.0 198
260 434.0 423.0 198
261 447.0 177.5 198
259 432.5 597.0 199
35 408.0 914.0 199
257 422.5 494.5 199
260 434.0 423.0 199
257 422.5 494.5 200
37 437.0 75.0 200
261 447.0 177.5 200
260 434.0 423.0 200
39 460.0 732.0 201
262 434.0 823.0 201
263 441.67 642.0 201
264 458.5 506.0 201
262 434.0 823.0 202
35 408.0 914.0 202
259 432.5 597.0 202
263 441.67 642.0 202
259 432.5 597.0 203
38 457.0 280.0 203
264 458.5 506.0 203
263 441.67 642.0 203
40 463.0 212.0 204
265 460.0 246.0 204
266 452.33 189.0 204
267 450.0 143.5 204
265 460.0 246.0 205
38 457.0 280.0 205
261 447.0 177.5 205
266 452.33 189.0 205
261 447.0 177.5 206
37 437.0 75.0 206
267 450.0 143.5 206
266 452.33 189.0 206
40 463.0 212.0 207
268 461.5 472.0 207
269 460.0 408.0 207
265 460.0 246.0 207
268 461.5 472.0 208
39 460.0 732.0 208
264 458.5 506.0 208
269 460.0 408.0 208
264 458.5 506.0 209
38 457.0 280.0 209
265 460.0 246.0 209
269 460.0 408.0 209
41 481.0 367.0 210
270 470.5 549.5 210
271 468.0 437.0 210
272 472.0 289.5 210
270 470.5 549.5 211
39 460.0 732.0 211
268 461.5 472.0 211
271 468.0 437.0 211
268 461.5 472.0 212
40 463.0 212.0 212
272 472.0 289.5 212
271 468.0 437.0 212
42 497.0 423.0 213
273 489.0 395.0 213
274 480.33 334.0 213
275 480.0 317.5 213
273 489.0 395.0 214
41 481.0 367.0 214
272 472.0 289.5 214
274 480.33 334.0 214
272 472.0 289.5 215
40 463.0 212.0 215
275 480.0 317.5 215
274 480.33 334.0 215
42 497.0 423.0 216
276 478.5 577.5 216
277 479.33 507.33 216
273 489.0 395.0 216
276 478.5 577.5 217
39 460.0 732.0 217
270 470.5 549.5 217
277 479.33 507.33 217
270 470.5 549.5 218
41 481.0 367.0 218
273 489.0 395.0 218
277 479.33 507.33 218
43 498.0 866.0 219
278 479.0 799.0 219
279 485.0 673.67 219
280 497.5 644.5 219
278 479.0 799.0 220
39 460.0 732.0 220
276 478.5 577.5 220
279 485.0 673.67 220
276 478.5 577.5 221
42 497.0 423.0 221
280 497.5 644.5 221
279 485.0 673.67 221
43 498.0 866.0 222
281 453.0 890.0 222
282 455.33 837.33 222
278 479.0 799.0 222
281 453.0 890.0 223
35 408.0 914.0 223
262 434.0 823.0 223
282 455.33 837.33 223
262 434.0 823.0 224
39 460.0 732.0 224
278 479.0 799.0 224
282 455.33 837.33 224
44 518.0 300.0 225
283 490.5 256.0 225
284 472.67 195.67 225
285 477.5 187.5 225
283 490.5 256.0 226
40 463.0 212.0 226
267 450.0 143.5 226
284 472.67 195.67 226
267 450.0 143.5 227
37 437.0 75.0 227
285 477.5 187.5 227
284 472.67 195.67 227
44 518.0 300.0 228
286 507.5 361.5 228
287 492.67 311.67 228
283 490.5 256.0 228
286 507.5 361.5 229
42 497.0 423.0 229
275 480.0 317.5 229
287 492.67 311.67 229
275 480.0 317.5 230
40 463.0 212.0 230
283 490.5 256.0 230
287 492.67 311.67 230
44 518.0 300.0 231
288 508.0 583.0 231
289 504.33 529.67 231
286 507.5 361.5 231
288 508.0 583.0 232
43 498.0 866.0 232
280 497.5 644.5 232
289 504.33 529.67 232
280 497.5 644.5 233
42 497.0 423.0 233
286 507.5 361.5 233
289 504.33 529.67 233
45 522.0 921.0 234
290 510.0 893.5 234
291 512.67 695.67 234
292 520.0 610.5 234
290 510.0 893.5 235
43 498.0 866.0 235
288 508.0 583.0 235
291 512.67 695.67 235
288 508.0 583.0 236
44 518.0 300.0 236
292 520.0 610.5 236
291 512.67 695.67 236
45 522.0 921.0 237
293 465.0 917.5 237
294 476.0 900.33 237
290 510.0 893.5 237
293 465.0 917.5 238
35 408.0 914.0 238
281 453.0 890.0 238
294 476.0 900.33 238
281 453.0 890.0 239
43 498.0 866.0 239
290 510.0 893.5 239
294 476.0 900.33 239
45 522.0 921.0 240
295 374.5 947.5 240
296 385.67 936.33 240
293 465.0 917.5 240
295 374.5 947.5 241
22 227.0 974.0 241
247 317.5 944.0 241
296 385.67 936.33 241
247 317.5 944.0 242
35 408.0 914.0 242
293 465.0 917.5 242
296 385.67 936.33 242
46 527.0 849.0 243
297 524.5 885.0 243
298 522.33 690.0 243
299 522.5 574.5 243
297 524.5 885.0 244
45 522.0 921.0 244
292 520.0 610.5 244
298 522.33 690.0 244
292 520.0 610.5 245
44 518.0 300.0 245
299 522.5 574.5 245
298 522.33 690.0 245
47 529.0 631.0 246
300 528.0 740.0 246
301 524.67 593.33 246
302 523.5 465.5 246
300 528.0 740.0 247
46 527.0 849.0 247
299 522.5 574.5 247
301 524.67 593.33 247
299 522.5 574.5 248
44 518.0 300.0 248
302 523.5 465.5 248
301 524.67 593.33 248
48 543.0 436.0 249
303 536.0 533.5 249
304 530.0 455.67 249
305 530.5 368.0 249
303 536.0 533.5 250
47 529.0 631.0 250
302 523.5 465.5 250
304 530.0 455.67 250
302 523.5 465.5 251
44 518.0 300.0 251
305 530.5 368.0 251
304 530.0 455.67 251
48 543.0 436.0 252
306 535.0 642.5 252
307 533.0 638.67 252
303 536.0 533.5 252
306 535.0 642.5 253
46 527.0 849.0 253
300 528.0 740.0 253
307 533.0 638.67 253
300 528.0 740.0 254
47 529.0 631.0 254
303 536.0 533.5 254
307 533.0 638.67 254
49 546.0 449.0 255
308 544.5 442.5 255
309 535.67 395.0 255
310 532.0 374.5 255
308 544.5 442.5 256
48 543.0 436.0 256
305 530.5 368.0 256
309 535.67 395.0 256
305 530.5 368.0 257
44 518.0 300.0 257
310 532.0 374.5 257
309 535.67 395.0 257
49 546.0 449.0 258
311 536.5 649.0 258
312 538.67 578.0 258
308 544.5 442.5 258
311 536.5 649.0 259
46 527.0 849.0 259
306 535.0 642.5 259
312 538.67 578.0 259
306 535.0 642.5 260
48 543.0 436.0 260
308 544.5 442.5 260
312 538.67 578.0 260
50 569.0 699.0 261
313 548.0 774.0 261
314 547.33 665.67 261
315 557.5 574.0 261
313 548.0 774.0 262
46 527.0 849.0 262
311 536.5 649.0 262
314 547.33 665.67 262
311 536.5 649.0 263
49 546.0 449.0 263
315 557.5 574.0 263
314 547.33 665.67 263
50 569.0 699.0 264
316 545.5 810.0 264
317 539.33 823.0 264
313 548.0 774.0 264
316 545.5 810.0 265
45 522.0 921.0 265
297 524.5 885.0 265
317 539.33 823.0 265
297 524.5 885.0 266
46 527.0 849.0 266
313 548.0 774.0 266
317 539.33 823.0 266
51 576.0 572.0 267
318 561.0 510.5 267
319 546.67 440.33 267
320 547.0 436.0 267
318 561.0 510.5 268
49 546.0 449.0 268
310 532.0 374.5 268
319 546.67 440.33 268
310 532.0 374.5 269
44 518.0 300.0 269
320 547.0 436.0 269
319 546.67 440.33 269
51 576.0 572.0 270
321 572.5 635.5 270
322 563.67 573.33 270
318 561.0 510.5 270
321 572.5 635.5 271
50 569.0 699.0 271
315 557.5 574.0 271
322 563.67 573.33 271
315 557.5 574.0 272
49 546.0 449.0 272
318 561.0 510.5 272
322 563.67 573.33 272
52 576.0 183.0 273
323 547.0 241.5 273
324 510.33 186.0 273
325 506.5 129.0 273
323 547.0 241.5 274
44 518.0 300.0 274
285 477.5 187.5 274
324 510.33 186.0 274
285 477.5 187.5 275
37 437.0 75.0 275
325 506.5 129.0 275
324 510.33 186.0 275
52 576.0 183.0 276
326 576.0 377.5 276
327 556.67 351.67 276
323 547.0 241.5 276
326 576.0 377.5 277
51 576.0 572.0 277
320 547.0 436.0 277
327 556.67 351.67 277
320 547.0 436.0 278
44 518.0 300.0 278
323 547.0 241.5 278
327 556.67 351.67 278
53 580.0 665.0 279
328 578.0 618.5 279
329 577.33 473.33 279
330 578.0 424.0 279
328 578.0 618.5 280
51 576.0 572.0 280
326 576.0 377.5 280
329 577.33 473.33 280
326 576.0 377.5 281
52 576.0 183.0 281
330 578.0 424.0 281
329 577.33 473.33 281
53 580.0 665.0 282
331 574.5 682.0 282
332 575.0 645.33 282
328 578.0 618.5 282
331 574.5 682.0 283
50 569.0 699.0 283
321 572.5 635.5 283
332 575.0 645.33 283
321 572.5 635.5 284
51 576.0 572.0 284
328 578.0 618.5 284
332 575.0 645.33 284
53 580.0 665.0 285
333 551.0 793.0 285
334 557.0 761.67 285
331 574.5 682.0 285
333 551.0 793.0 286
45 522.0 921.0 286
316 545.5 810.0 286
334 557.0 761.67 286
316 545.5 810.0 287
50 569.0 699.0 287
331 574.5 682.0 287
334 557.0 761.67 287
54 591.0 647.0 288
335 585.5 656.0 288
336 582.33 498.33 288
337 583.5 415.0 288
335 585.5 656.0 289
53 580.0 665.0 289
330 578.0 424.0 289
336 582.33 498.33 289
330 578.0 424.0 290
52 576.0 183.0 290
337 583.5 415.0 290
336 582.33 498.33 290
54 591.0 647.0 291
338 556.5 784.0 291
339 564.33 744.33 291
335 585.5 656.0 291
338 556.5 784.0 292
45 522.0 921.0 292
333 551.0 793.0 292
339 564.33 744.33 292
333 551.0 793.0 293
53 580.0 665.0 293
335 585.5 656.0 293
339 564.33 744.33 293
55 655.0 367.0 294
340 623.0 507.0 294
341 607.33 399.0 294
342 615.5 275.0 294
340 623.0 507.0 295
54 591.0 647.0 295
337 583.5 415.0 295
341 607.33 399.0 295
337 583.5 415.0 296
52 576.0 183.0 296
342 615.5 275.0 296
341 607.33 399.0 296
56 672.0 598.0 297
343 631.5 622.5 297
344 639.33 537.33 297
345 663.5 482.5 297
343 631.5 622.5 298
54 591.0 647.0 298
340 623.0 507.0 298
344 639.33 537.33 298
340 623.0 507.0 299
55 655.0 367.0 299
345 663.5 482.5 299
344 639.33 537.33 299
56 672.0 598.0 300
346 597.0 759.5 300
347 595.0 722.0 300
343 631.5 622.5 300
346 597.0 759.5 301
45 522.0 921.0 301
338 556.5 784.0 301
347 595.0 722.0 301
338 556.5 784.0 302
54 591.0 647.0 302
343 631.5 622.5 302
347 595.0 722.0 302
57 684.0 406.0 303
348 669.5 386.5 303
349 638.33 318.67 303
350 630.0 294.5 303
348 669.5 386.5 304
55 655.0 367.0 304
342 615.5 275.0 304
349 638.33 318.67 304
342 615.5 275.0 305
52 576.0 183.0 305
350 630.0 294.5 305
349 638.33 318.67 305
57 684.0 406.0 306
351 678.0 502.0 306
352 670.33 457.0 306
348 669.5 386.5 306
351 678.0 502.0 307
56 672.0 598.0 307
345 663.5 482.5 307
352 670.33 457.0 307
345 663.5 482.5 308
55 655.0 367.0 308
348 669.5 386.5 308
352 670.33 457.0 308
58 742.0 102.0 309
353 589.5 88.5 309
354 493.33 67.67 309
355 521.5 64.0 309
353 589.5 88.5 310
37 437.0 75.0 310
254 369.0 50.5 310
354 493.33 67.67 310
254 369.0 50.5 311
24 301.0 26.0 311
355 521.5 64.0 311
354 493.33 67.67 311
58 742.0 102.0 312
356 659.0 142.5 312
357 585.0 120.0 312
353 589.5 88.5 312
356 659.0 142.5 313
52 576.0 183.0 313
325 506.5 129.0 313
357 585.0 120.0 313
325 506.5 129.0 314
37 437.0 75.0 314
353 589.5 88.5 314
357 585.0 120.0 314
58 742.0 102.0 315
358 713.0 254.0 315
359 667.33 230.33 315
356 659.0 142.5 315
358 713.0 254.0 316
57 684.0 406.0 316
350 630.0 294.5 316
359 667.33 230.33 316
350 630.0 294.5 317
52 576.0 183.0 317
356 659.0 142.5 317
359 667.33 230.33 317
58 742.0 102.0 318
360 707.0 350.0 318
361 699.33 368.67 318
358 713.0 254.0 318
360 707.0 350.0 319
56 672.0 598.0 319
351 678.0 502.0 319
361 699.33 368.67 319
351 678.0 502.0 320
57 684.0 406.0 320
358 713.0 254.0 320
361 699.33 368.67 320
59 777.0 834.0 321
362 724.5 716.0 321
363 730.33 511.33 321
364 759.5 468.0 321
362 724.5 716.0 322
56 672.0 598.0 322
360 707.0 350.0 322
363 730.33 511.33 322
360 707.0 350.0 323
58 742.0 102.0 323
364 759.5 468.0 323
363 730.33 511.33 323
59 777.0 834.0 324
365 649.5 877.5 324
366 657.0 784.33 324
362 724.5 716.0 324
365 649.5 877.5 325
45 522.0 921.0 325
346 597.0 759.5 325
366 657.0 784.33 325
346 597.0 759.5 326
56 672.0 598.0 326
362 724.5 716.0 326
366 657.0 784.33 326
60 795.0 300.0 327
367 786.0 567.0 327
368 771.33 412.0 327
369 768.5 201.0 327
367 786.0 567.0 328
59 777.0 834.0 328
364 759.5 468.0 328
368 771.33 412.0 328
364 759.5 468.0 329
58 742.0 102.0 329
369 768.5 201.0 329
368 771.33 412.0 329
61 803.0 278.0 330
370 799.0 289.0 330
371 780.0 226.67 330
372 772.5 190.0 330
370 799.0 289.0 331
60 795.0 300.0 331
369 768.5 201.0 331
371 780.0 226.67 331
369 768.5 201.0 332
58 742.0 102.0 332
372 772.5 190.0 332
371 780.0 226.67 332
61 803.0 278.0 333
373 790.0 556.0 333
374 791.67 470.67 333
370 799.0 289.0 333
373 790.0 556.0 334
59 777.0 834.0 334
367 786.0 567.0 334
374 791.67 470.67 334
367 786.0 567.0 335
60 795.0 300.0 335
370 799.0 289.0 335
374 791.67 470.67 335
62 803.0 980.0 336
375 790.0 907.0 336
376 794.33 697.33 336
377 803.0 629.0 336
375 790.0 907.0 337
59 777.0 834.0 337
373 790.0 556.0 337
376 794.33 697.33 337
373 790.0 556.0 338
61 803.0 278.0 338
377 803.0 629.0 338
376 794.33 697.33 338
62 803.0 980.0 339
378 662.5 950.5 339
379 700.67 911.67 339
375 790.0 907.0 339
378 662.5 950.5 340
45 522.0 921.0 340
365 649.5 877.5 340
379 700.67 911.67 340
365 649.5 877.5 341
59 777.0 834.0 341
375 790.0 907.0 341
379 700.67 911.67 341
62 803.0 980.0 342
380 515.0 977.0 342
381 517.33 958.33 342
378 662.5 950.5 342
380 515.0 977.0 343
22 227.0 974.0 343
295 374.5 947.5 343
381 517.33 958.33 343
295 374.5 947.5 344
45 522.0 921.0 344
378 662.5 950.5 344
381 517.33 958.33 344
63 804.0 735.0 345
382 803.5 857.5 345
383 803.33 664.33 345
384 803.5 506.5 345
382 803.5 857.5 346
62 803.0 980.0 346
377 803.0 629.0 346
383 803.33 664.33 346
377 803.0 629.0 347
61 803.0 278.0 347
384 803.5 506.5 347
383 803.33 664.33 347
64 809.0 831.0 348
385 806.5 783.0 348
386 805.33 614.67 348
387 806.0 554.5 348
385 806.5 783.0 349
63 804.0 735.0 349
384 803.5 506.5 349
386 805.33 614.67 349
384 803.5 506.5 350
61 803.0 278.0 350
387 806.0 554.5 350
386 805.33 614.67 350
64 809.0 831.0 351
388 806.0 905.5 351
389 805.33 848.67 351
385 806.5 783.0 351
388 806.0 905.5 352
62 803.0 980.0 352
382 803.5 857.5 352
389 805.33 848.67 352
382 803.5 857.5 353
63 804.0 735.0 353
385 806.5 783.0 353
389 805.33 848.67 353
65 811.0 104.0 354
390 776.5 103.0 354
391 618.0 77.33 354
392 556.0 65.0 354
390 776.5 103.0 355
58 742.0 102.0 355
355 521.5 64.0 355
391 618.0 77.33 355
355 521.5 64.0 356
24 301.0 26.0 356
392 556.0 65.0 356
391 618.0 77.33 356
65 811.0 104.0 357
393 807.0 191.0 357
394 785.33 161.33 357
390 776.5 103.0 357
393 807.0 191.0 358
61 803.0 278.0 358
372 772.5 190.0 358
394 785.33 161.33 358
372 772.5 190.0 359
58 742.0 102.0 359
390 776.5 103.0 359
394 785.33 161.33 359
65 811.0 104.0 360
395 810.0 467.5 360
396 807.67 404.33 360
393 807.0 191.0 360
395 810.0 467.5 361
64 809.0 831.0 361
387 806.0 554.5 361
396 807.67 404.33 361
387 806.0 554.5 362
61 803.0 278.0 362
393 807.0 191.0 362
396 807.67 404.33 362
66 816.0 927.0 363
397 812.5 879.0 363
398 812.0 620.67 363
399 813.5 515.5 363
397 812.5 879.0 364
64 809.0 831.0 364
395 810.0 467.5 364
398 812.0 620.67 364
395 810.0 467.5 365
65 811.0 104.0 365
399 813.5 515.5 365
398 812.0 620.67 365
66 816.0 927.0 366
400 809.5 953.5 366
401 809.33 912.67 366
397 812.5 879.0 366
400 809.5 953.5 367
62 803.0 980.0 367
388 806.0 905.5 367
401 809.33 912.67 367
388 806.0 905.5 368
64 809.0 831.0 368
397 812.5 879.0 368
401 809.33 912.67 368
67 822.0 780.0 369
402 819.0 853.5 369
403 816.33 603.67 369
404 816.5 442.0 369
402 819.0 853.5 370
66 816.0 927.0 370
399 813.5 515.5 370
403 816.33 603.67 370
399 813.5 515.5 371
65 811.0 104.0 371
404 816.5 442.0 371
403 816.33 603.67 371
68 833.0 806.0 372
405 827.5 793.0 372
406 822.0 563.33 372
407 822.0 455.0 372
405 827.5 793.0 373
67 822.0 780.0 373
404 816.5 442.0 373
406 822.0 563.33 373
404 816.5 442.0 374
65 811.0 104.0 374
407 822.0 455.0 374
406 822.0 563.33 374
68 833.0 806.0 375
408 824.5 866.5 375
409 823.67 837.67 375
405 827.5 793.0 375
408 824.5 866.5 376
66 816.0 927.0 376
402 819.0 853.5 376
409 823.67 837.67 376
402 819.0 853.5 377
67 822.0 780.0 377
405 827.5 793.0 377
409 823.67 837.67 377
69 837.0 901.0 378
410 835.0 853.5 378
411 827.0 603.67 378
412 824.0 502.5 378
410 835.0 853.5 379
68 833.0 806.0 379
407 822.0 455.0 379
411 827.0 603.67 379
407 822.0 455.0 380
65 811.0 104.0 380
412 824.0 502.5 380
411 827.0 603.67 380
69 837.0 901.0 381
413 826.5 914.0 381
414 828.67 878.0 381
410 835.0 853.5 381
413 826.5 914.0 382
66 816.0 927.0 382
408 824.5 866.5 382
414 828.67 878.0 382
408 824.5 866.5 383
68 833.0 806.0 383
410 835.0 853.5 383
414 828.67 878.0 383
69 837.0 901.0 384
415 820.0 940.5 384
416 818.67 936.0 384
413 826.5 914.0 384
415 820.0 940.5 385
62 803.0 980.0 385
400 809.5 953.5 385
416 818.67 936.0 385
400 809.5 953.5 386
66 816.0 927.0 386
413 826.5 914.0 386
416 818.67 936.0 386
70 841.0 959.0 387
417 839.0 930.0 387
418 829.67 654.67 387
419 826.0 531.5 387
417 839.0 930.0 388
69 837.0 901.0 388
412 824.0 502.5 388
418 829.67 654.67 388
412 824.0 502.5 389
65 811.0 104.0 389
419 826.0 531.5 389
418 829.67 654.67 389
70 841.0 959.0 390
420 822.0 969.5 390
421 827.0 946.67 390
417 839.0 930.0 390
420 822.0 969.5 391
62 803.0 980.0 391
415 820.0 940.5 391
421 827.0 946.67 391
415 820.0 940.5 392
69 837.0 901.0 392
417 839.0 930.0 392
421 827.0 946.67 392
71 846.0 960.0 393
422 843.5 959.5 393
423 832.67 674.33 393
424 828.5 532.0 393
422 843.5 959.5 394
70 841.0 959.0 394
419 826.0 531.5 394
423 832.67 674.33 394
419 826.0 531.5 395
65 811.0 104.0 395
424 828.5 532.0 395
423 832.67 674.33 395
71 846.0 960.0 396
425 824.5 970.0 396
426 830.0 966.33 396
422 843.5 959.5 396
425 824.5 970.0 397
62 803.0 980.0 397
420 822.0 969.5 397
426 830.0 966.33 397
420 822.0 969.5 398
70 841.0 959.0 398
422 843.5 959.5 398
426 830.0 966.33 398
72 872.0 137.0 399
427 859.0 548.5 399
428 843.0 400.33 399
429 841.5 120.5 399
427 859.0 548.5 400
71 846.0 960.0 400
424 828.5 532.0 400
428 843.0 400.33 400
424 828.5 532.0 401
65 811.0 104.0 401
429 841.5 120.5 401
428 843.0 400.33 401
73 875.0 754.0 402
430 860.5 857.0 402
431 864.33 617.0 402
432 873.5 445.5 402
430 860.5 857.0 403
71 846.0 960.0 403
427 859.0 548.5 403
431 864.33 617.0 403
427 859.0 548.5 404
72 872.0 137.0 404
432 873.5 445.5 404
431 864.33 617.0 404
74 878.0 223.0 405
433 876.5 488.5 405
434 875.0 371.33 405
435 875.0 180.0 405
433 876.5 488.5 406
73 875.0 754.0 406
432 873.5 445.5 406
434 875.0 371.33 406
432 873.5 445.5 407
72 872.0 137.0 407
435 875.0 180.0 407
434 875.0 371.33 407
75 895.0 980.0 408
436 885.0 867.0 408
437 882.67 652.33 408
438 886.5 601.5 408
436 885.0 867.0 409
73 875.0 754.0 409
433 876.5 488.5 409
437 882.67 652.33 409
433 876.5 488.5 410
74 878.0 223.0 410
438 886.5 601.5 410
437 882.67 652.33 410
75 895.0 980.0 411
439 870.5 970.0 411
440 872.0 898.0 411
436 885.0 867.0 411
439 870.5 970.0 412
71 846.0 960.0 412
430 860.5 857.0 412
440 872.0 898.0 412
430 860.5 857.0 413
73 875.0 754.0 413
436 885.0 867.0 413
440 872.0 898.0 413
75 895.0 980.0 414
441 849.0 980.0 414
442 848.0 973.33 414
439 870.5 970.0 414
441 849.0 980.0 415
62 803.0 980.0 415
425 824.5 970.0 415
442 848.0 973.33 415
425 824.5 970.0 416
71 846.0 960.0 416
439 870.5 970.0 416
442 848.0 973.33 416
76 896.0 635.0 417
443 895.5 807.5 417
444 889.67 612.67 417
445 887.0 429.0 417
443 895.5 807.5 418
75 895.0 980.0 418
438 886.5 601.5 418
444 889.67 612.67 418
438 886.5 601.5 419
74 878.0 223.0 419
445 887.0 429.0 419
444 889.67 612.67 419
77 896.0 561.0 420
446 896.0 598.0 420
447 890.0 473.0 420
448 887.0 392.0 420
446 896.0 598.0 421
76 896.0 635.0 421
445 887.0 429.0 421
447 890.0 473.0 421
445 887.0 429.0 422
74 878.0 223.0 422
448 887.0 392.0 422
447 890.0 473.0 422
78 906.0 139.0 423
449 889.0 138.0 423
450 863.0 126.67 423
451 858.5 121.5 423
449 889.0 138.0 424
72 872.0 137.0 424
429 841.5 120.5 424
450 863.0 126.67 424
429 841.5 120.5 425
65 811.0 104.0 425
451 858.5 121.5 425
450 863.0 126.67 425
78 906.0 139.0 426
452 892.0 181.0 426
453 885.33 166.33 426
449 889.0 138.0 426
452 892.0 181.0 427
74 878.0 223.0 427
435 875.0 180.0 427
453 885.33 166.33 427
435 875.0 180.0 428
72 872.0 137.0 428
449 889.0 138.0 428
453 885.33 166.33 428
78 906.0 139.0 429
454 901.0 350.0 429
455 893.33 307.67 429
452 892.0 181.0 429
454 901.0 350.0 430
77 896.0 561.0 430
448 887.0 392.0 430
455 893.33 307.67 430
448 887.0 392.0 431
74 878.0 223.0 431
452 892.0 181.0 431
455 893.33 307.67 431
78 906.0 139.0 432
456 901.0 387.0 432
457 899.33 445.0 432
454 901.0 350.0 432
456 901.0 387.0 433
76 896.0 635.0 433
446 896.0 598.0 433
457 899.33 445.0 433
446 896.0 598.0 434
77 896.0 561.0 434
454 901.0 350.0 434
457 899.33 445.0 434
78 906.0 139.0 435
458 900.5 559.5 435
459 899.0 584.67 435
456 901.0 387.0 435
458 900.5 559.5 436
75 895.0 980.0 436
443 895.5 807.5 436
459 899.0 584.67 436
443 895.5 807.5 437
76 896.0 635.0 437
456 901.0 387.0 437
459 899.0 584.67 437
79 906.0 779.0 438
460 900.5 879.5 438
461 902.33 632.67 438
462 906.0 459.0 438
460 900.5 879.5 439
75 895.0 980.0 439
458 900.5 559.5 439
461 902.33 632.67 439
458 900.5 559.5 440
78 906.0 139.0 440
462 906.0 459.0 440
461 902.33 632.67 440
80 911.0 855.0 441
463 908.5 817.0 441
464 907.67 591.0 441
465 908.5 497.0 441
463 908.5 817.0 442
79 906.0 779.0 442
462 906.0 459.0 442
464 907.67 591.0 442
462 906.0 459.0 443
78 906.0 139.0 443
465 908.5 497.0 443
464 907.67 591.0 443
80 911.0 855.0 444
466 903.0 917.5 444
467 904.0 871.33 444
463 908.5 817.0 444
466 903.0 917.5 445
75 895.0 980.0 445
460 900.5 879.5 445
467 904.0 871.33 445
460 900.5 879.5 446
79 906.0 779.0 446
463 908.5 817.0 446
467 904.0 871.33 446
81 915.0 816.0 447
468 913.0 835.5 447
469 910.67 603.33 447
470 910.5 477.5 447
468 913.0 835.5 448
80 911.0 855.0 448
465 908.5 497.0 448
469 910.67 603.33 448
465 908.5 497.0 449
78 906.0 139.0 449
470 910.5 477.5 449
469 910.67 603.33 449
82 924.0 753.0 450
471 919.5 784.5 450
472 915.0 569.33 450
473 915.0 446.0 450
471 919.5 784.5 451
81 915.0 816.0 451
470 910.5 477.5 451
472 915.0 569.33 451
470 910.5 477.5 452
78 906.0 139.0 452
473 915.0 446.0 452
472 915.0 569.33 452
82 924.0 753.0 453
474 917.5 804.0 453
475 916.67 808.0 453
471 919.5 784.5 453
474 917.5 804.0 454
80 911.0 855.0 454
468 913.0 835.5 454
475 916.67 808.0 454
468 913.0 835.5 455
81 915.0 816.0 455
471 919.5 784.5 455
475 916.67 808.0 455
83 926.0 972.0 456
476 918.5 913.5 456
477 920.33 860.0 456
478 925.0 862.5 456
476 918.5 913.5 457
80 911.0 855.0 457
474 917.5 804.0 457
477 920.33 860.0 457
474 917.5 804.0 458
82 924.0 753.0 458
478 925.0 862.5 458
477 920.33 860.0 458
83 926.0 972.0 459
479 910.5 976.0 459
480 910.67 935.67 459
476 918.5 913.5 459
479 910.5 976.0 460
75 895.0 980.0 460
466 903.0 917.5 460
480 910.67 935.67 460
466 903.0 917.5 461
80 911.0 855.0 461
476 918.5 913.5 461
480 910.67 935.67 461
84 927.0 688.0 462
481 925.5 720.5 462
482 919.0 526.67 462
483 916.5 413.5 462
481 925.5 720.5 463
82 924.0 753.0 463
473 915.0 446.0 463
482 919.0 526.67 463
473 915.0 446.0 464
78 906.0 139.0 464
483 916.5 413.5 464
482 919.0 526.67 464
84 927.0 688.0 465
484 926.5 830.0 465
485 925.67 804.33 465
481 925.5 720.5 465
484 926.5 830.0 466
83 926.0 972.0 466
478 925.0 862.5 466
485 925.67 804.33 466
478 925.0 862.5 467
82 924.0 753.0 467
481 925.5 720.5 467
485 925.67 804.33 467
85 927.0 933.0 468
486 926.5 952.5 468
487 926.67 864.33 468
488 927.0 810.5 468
486 926.5 952.5 469
83 926.0 972.0 469
484 926.5 830.0 469
487 926.67 864.33 469
484 926.5 830.0 470
84 927.0 688.0 470
488 927.0 810.5 470
487 926.67 864.33 470
86 952.0 565.0 471
489 939.5 626.5 471
490 928.33 464.0 471
491 929.0 352.0 471
489 939.5 626.5 472
84 927.0 688.0 472
483 916.5 413.5 472
490 928.33 464.0 472
483 916.5 413.5 473
78 906.0 139.0 473
491 929.0 352.0 473
490 928.33 464.0 473
86 952.0 565.0 474
492 939.5 749.0 474
493 935.33 728.67 474
489 939.5 626.5 474
492 939.5 749.0 475
85 927.0 933.0 475
488 927.0 810.5 475
493 935.33 728.67 475
488 927.0 810.5 476
84 927.0 688.0 476
489 939.5 626.5 476
493 935.33 728.67 476
86 952.0 565.0 477
494 939.0 768.5 477
495 935.0 823.33 477
492 939.5 749.0 477
494 939.0 768.5 478
83 926.0 972.0 478
486 926.5 952.5 478
495 935.0 823.33 478
486 926.5 952.5 479
85 927.0 933.0 479
492 939.5 749.0 479
495 935.0 823.33 479
87 956.0 346.0 480
496 954.0 455.5 480
497 938.0 350.0 480
498 931.0 242.5 480
496 954.0 455.5 481
86 952.0 565.0 481
491 929.0 352.0 481
497 938.0 350.0 481
491 929.0 352.0 482
78 906.0 139.0 482
498 931.0 242.5 482
497 938.0 350.0 482
88 985.0 190.0 483
499 970.5 268.0 483
500 949.0 225.0 483
501 945.5 164.5 483
499 970.5 268.0 484
87 956.0 346.0 484
498 931.0 242.5 484
500 949.0 225.0 484
498 931.0 242.5 485
78 906.0 139.0 485
501 945.5 164.5 485
500 949.0 225.0 485
88 985.0 190.0 486
502 968.5 377.5 486
503 964.33 367.0 486
499 970.5 268.0 486
502 968.5 377.5 487
86 952.0 565.0 487
496 954.0 455.5 487
503 964.33 367.0 487
496 954.0 455.5 488
87 956.0 346.0 488
499 970.5 268.0 488
503 964.33 367.0 488
88 985.0 190.0 489
504 955.5 581.0 489
505 954.33 575.67 489
502 968.5 377.5 489
504 955.5 581.0 490
83 926.0 972.0 490
494 939.0 768.5 490
505 954.33 575.67 490
494 939.0 768.5 491
86 952.0 565.0 491
502 968.5 377.5 491
505 954.33 575.67 491
89 997.0 647.0 492
506 961.5 809.5 492
507 969.33 603.0 492
508 991.0 418.5 492
506 961.5 809.5 493
83 926.0 972.0 493
504 955.5 581.0 493
507 969.33 603.0 493
504 955.5 581.0 494
88 985.0 190.0 494
508 991.0 418.5 494
507 969.33 603.0 494
