V x y Q
0 10.0 19.0 0
90 19.5 28.5 0
91 25.67 158.0 0
92 24.0 218.0 0
90 19.5 28.5 1
1 29.0 38.0 1
93 33.5 227.5 1
91 25.67 158.0 1
93 33.5 227.5 2
3 38.0 417.0 2
92 24.0 218.0 2
91 25.67 158.0 2
3 38.0 417.0 3
94 35.5 561.0 3
95 27.0 380.33 3
92 24.0 218.0 3
94 35.5 561.0 4
2 33.0 705.0 4
96 21.5 362.0 4
95 27.0 380.33 4
96 21.5 362.0 5
0 10.0 19.0 5
92 24.0 218.0 5
95 27.0 380.33 5
2 33.0 705.0 6
97 48.0 678.0 6
98 71.0 694.67 6
99 75.0 716.5 6
97 48.0 678.0 7
5 63.0 651.0 7
100 90.0 689.5 7
98 71.0 694.67 7
100 90.0 689.5 8
11 117.0 728.0 8
99 75.0 716.5 8
98 71.0 694.67 8
3 38.0 417.0 9
93 33.5 227.5 9
101 57.67 232.33 9
102 72.0 329.5 9
93 33.5 227.5 10
1 29.0 38.0 10
103 67.5 140.0 10
101 57.67 232.33 10
103 67.5 140.0 11
8 106.0 242.0 11
102 72.0 329.5 11
101 57.67 232.33 11
5 63.0 651.0 12
97 48.0 678.0 12
104 44.67 591.0 12
105 50.5 534.0 12
97 48.0 678.0 13
2 33.0 705.0 13
94 35.5 561.0 13
104 44.67 591.0 13
94 35.5 561.0 14
3 38.0 417.0 14
105 50.5 534.0 14
104 44.67 591.0 14
4 41.0 854.0 15
106 66.5 862.5 15
107 67.33 881.33 15
108 55.0 886.5 15
106 66.5 862.5 16
7 92.0 871.0 16
109 80.5 895.0 16
107 67.33 881.33 16
109 80.5 895.0 17
6 69.0 919.0 17
108 55.0 886.5 17
107 67.33 881.33 17
3 38.0 417.0 18
110 85.0 382.5 18
111 105.0 399.0 18
112 91.5 424.5 18
110 85.0 382.5 19
14 132.0 348.0 19
113 138.5 390.0 19
111 105.0 399.0 19
113 138.5 390.0 20
15 145.0 432.0 20
112 91.5 424.5 20
111 105.0 399.0 20
4 41.0 854.0 21
114 74.0 796.5 21
115 80.0 821.33 21
106 66.5 862.5 21
114 74.0 796.5 22
9 107.0 739.0 22
116 99.5 805.0 22
115 80.0 821.33 22
116 99.5 805.0 23
7 92.0 871.0 23
106 66.5 862.5 23
115 80.0 821.33 23
3 38.0 417.0 24
102 72.0 329.5 24
117 92.0 335.67 24
110 85.0 382.5 24
102 72.0 329.5 25
8 106.0 242.0 25
118 119.0 295.0 25
117 92.0 335.67 25
118 119.0 295.0 26
14 132.0 348.0 26
110 85.0 382.5 26
117 92.0 335.67 26
9 107.0 739.0 27
114 74.0 796.5 27
119 60.33 766.0 27
120 70.0 722.0 27
114 74.0 796.5 28
4 41.0 854.0 28
121 37.0 779.5 28
119 60.33 766.0 28
121 37.0 779.5 29
2 33.0 705.0 29
120 70.0 722.0 29
119 60.33 766.0 29
9 107.0 739.0 30
122 112.0 733.5 30
123 112.0 735.67 30
124 109.5 739.5 30
122 112.0 733.5 31
11 117.0 728.0 31
125 114.5 734.0 31
123 112.0 735.67 31
125 114.5 734.0 32
10 112.0 740.0 32
124 109.5 739.5 32
123 112.0 735.67 32
10 112.0 740.0 33
126 102.0 805.5 33
127 103.67 783.33 33
124 109.5 739.5 33
126 102.0 805.5 34
7 92.0 871.0 34
116 99.5 805.0 34
127 103.67 783.33 34
116 99.5 805.0 35
9 107.0 739.0 35
124 109.5 739.5 35
127 103.67 783.33 35
11 117.0 728.0 36
122 112.0 733.5 36
128 85.67 724.0 36
99 75.0 716.5 36
122 112.0 733.5 37
9 107.0 739.0 37
120 70.0 722.0 37
128 85.67 724.0 37
120 70.0 722.0 38
2 33.0 705.0 38
99 75.0 716.5 38
128 85.67 724.0 38
10 112.0 740.0 39
125 114.5 734.0 39
129 133.0 756.0 39
130 141.0 770.0 39
125 114.5 734.0 40
11 117.0 728.0 40
131 143.5 764.0 40
129 133.0 756.0 40
131 143.5 764.0 41
17 170.0 800.0 41
130 141.0 770.0 41
129 133.0 756.0 41
11 117.0 728.0 42
132 123.0 712.5 42
133 138.67 741.67 42
131 143.5 764.0 42
132 123.0 712.5 43
13 129.0 697.0 43
134 149.5 748.5 43
133 138.67 741.67 43
134 149.5 748.5 44
17 170.0 800.0 44
131 143.5 764.0 44
133 138.67 741.67 44
12 128.0 865.0 45
135 110.0 868.0 45
136 110.67 825.33 45
137 120.0 802.5 45
135 110.0 868.0 46
7 92.0 871.0 46
126 102.0 805.5 46
136 110.67 825.33 46
126 102.0 805.5 47
10 112.0 740.0 47
137 120.0 802.5 47
136 110.67 825.33 47
12 128.0 865.0 48
138 98.5 892.0 48
139 96.33 885.0 48
135 110.0 868.0 48
138 98.5 892.0 49
6 69.0 919.0 49
109 80.5 895.0 49
139 96.33 885.0 49
109 80.5 895.0 50
7 92.0 871.0 50
135 110.0 868.0 50
139 96.33 885.0 50
13 129.0 697.0 51
132 123.0 712.5 51
140 103.0 692.0 51
141 96.0 674.0 51
132 123.0 712.5 52
11 117.0 728.0 52
100 90.0 689.5 52
140 103.0 692.0 52
100 90.0 689.5 53
5 63.0 651.0 53
141 96.0 674.0 53
140 103.0 692.0 53
15 145.0 432.0 54
142 104.0 541.5 54
143 82.0 500.0 54
112 91.5 424.5 54
142 104.0 541.5 55
5 63.0 651.0 55
105 50.5 534.0 55
143 82.0 500.0 55
105 50.5 534.0 56
3 38.0 417.0 56
112 91.5 424.5 56
143 82.0 500.0 56
5 63.0 651.0 57
142 104.0 541.5 57
144 140.67 519.67 57
145 138.5 563.5 57
142 104.0 541.5 58
15 145.0 432.0 58
146 179.5 454.0 58
144 140.67 519.67 58
146 179.5 454.0 59
19 214.0 476.0 59
145 138.5 563.5 59
144 140.67 519.67 59
19 214.0 476.0 60
147 171.5 586.5 60
148 135.33 608.0 60
145 138.5 563.5 60
147 171.5 586.5 61
13 129.0 697.0 61
141 96.0 674.0 61
148 135.33 608.0 61
141 96.0 674.0 62
5 63.0 651.0 62
145 138.5 563.5 62
148 135.33 608.0 62
16 166.0 38.0 63
149 97.5 38.0 63
150 68.33 31.67 63
151 88.0 28.5 63
149 97.5 38.0 64
1 29.0 38.0 64
90 19.5 28.5 64
150 68.33 31.67 64
90 19.5 28.5 65
0 10.0 19.0 65
151 88.0 28.5 65
150 68.33 31.67 65
1 29.0 38.0 66
149 97.5 38.0 66
152 122.0 53.67 66
153 100.0 61.5 66
149 97.5 38.0 67
16 166.0 38.0 67
154 168.5 61.5 67
152 122.0 53.67 67
154 168.5 61.5 68
18 171.0 85.0 68
153 100.0 61.5 68
152 122.0 53.67 68
18 171.0 85.0 69
155 138.5 163.5 69
156 102.0 121.67 69
153 100.0 61.5 69
155 138.5 163.5 70
8 106.0 242.0 70
103 67.5 140.0 70
156 102.0 121.67 70
103 67.5 140.0 71
1 29.0 38.0 71
153 100.0 61.5 71
156 102.0 121.67 71
8 106.0 242.0 72
155 138.5 163.5 72
157 201.33 190.33 72
158 216.5 243.0 72
155 138.5 163.5 73
18 171.0 85.0 73
159 249.0 164.5 73
157 201.33 190.33 73
159 249.0 164.5 74
29 327.0 244.0 74
158 216.5 243.0 74
157 201.33 190.33 74
20 215.0 341.0 75
160 173.5 344.5 75
161 151.0 310.33 75
162 160.5 291.5 75
160 173.5 344.5 76
14 132.0 348.0 76
118 119.0 295.0 76
161 151.0 310.33 76
118 119.0 295.0 77
8 106.0 242.0 77
162 160.5 291.5 77
161 151.0 310.33 77
17 170.0 800.0 78
163 149.0 832.5 78
164 136.67 801.67 78
130 141.0 770.0 78
163 149.0 832.5 79
12 128.0 865.0 79
137 120.0 802.5 79
164 136.67 801.67 79
137 120.0 802.5 80
10 112.0 740.0 80
130 141.0 770.0 80
164 136.67 801.67 80
21 225.0 408.0 81
165 185.0 420.0 81
166 167.33 396.0 81
167 178.5 378.0 81
165 185.0 420.0 82
15 145.0 432.0 82
113 138.5 390.0 82
166 167.33 396.0 82
113 138.5 390.0 83
14 132.0 348.0 83
167 178.5 378.0 83
166 167.33 396.0 83
14 132.0 348.0 84
160 173.5 344.5 84
168 190.67 365.67 84
167 178.5 378.0 84
160 173.5 344.5 85
20 215.0 341.0 85
169 220.0 374.5 85
168 190.67 365.67 85
169 220.0 374.5 86
21 225.0 408.0 86
167 178.5 378.0 86
168 190.67 365.67 86
13 129.0 697.0 87
147 171.5 586.5 87
170 217.0 605.0 87
171 218.5 669.5 87
147 171.5 586.5 88
19 214.0 476.0 88
172 261.0 559.0 88
170 217.0 605.0 88
172 261.0 559.0 89
25 308.0 642.0 89
171 218.5 669.5 89
170 217.0 605.0 89
18 171.0 85.0 90
173 236.0 55.5 90
174 266.33 118.33 90
159 249.0 164.5 90
173 236.0 55.5 91
24 301.0 26.0 91
175 314.0 135.0 91
174 266.33 118.33 91
175 314.0 135.0 92
29 327.0 244.0 92
159 249.0 164.5 92
174 266.33 118.33 92
21 225.0 408.0 93
176 219.5 442.0 93
177 194.67 438.67 93
165 185.0 420.0 93
176 219.5 442.0 94
19 214.0 476.0 94
146 179.5 454.0 94
177 194.67 438.67 94
146 179.5 454.0 95
15 145.0 432.0 95
165 185.0 420.0 95
177 194.67 438.67 95
19 214.0 476.0 96
176 219.5 442.0 96
178 253.33 437.67 96
179 267.5 452.5 96
176 219.5 442.0 97
21 225.0 408.0 97
180 273.0 418.5 97
178 253.33 437.67 97
180 273.0 418.5 98
28 321.0 429.0 98
179 267.5 452.5 98
178 253.33 437.67 98
17 170.0 800.0 99
181 222.5 770.5 99
182 251.33 824.0 99
183 239.5 865.5 99
181 222.5 770.5 100
23 275.0 741.0 100
184 292.0 836.0 100
182 251.33 824.0 100
184 292.0 836.0 101
26 309.0 931.0 101
183 239.5 865.5 101
182 251.33 824.0 101
22 227.0 974.0 102
185 177.5 919.5 102
186 175.0 879.67 102
187 198.5 887.0 102
185 177.5 919.5 103
12 128.0 865.0 103
163 149.0 832.5 103
186 175.0 879.67 103
163 149.0 832.5 104
17 170.0 800.0 104
187 198.5 887.0 104
186 175.0 879.67 104
22 227.0 974.0 105
188 148.0 946.5 105
189 141.33 919.33 105
185 177.5 919.5 105
188 148.0 946.5 106
6 69.0 919.0 106
138 98.5 892.0 106
189 141.33 919.33 106
138 98.5 892.0 107
12 128.0 865.0 107
185 177.5 919.5 107
189 141.33 919.33 107
20 215.0 341.0 108
190 271.0 292.5 108
191 294.33 280.0 108
192 278.0 298.0 108
190 271.0 292.5 109
29 327.0 244.0 109
193 334.0 249.5 109
191 294.33 280.0 109
193 334.0 249.5 110
30 341.0 255.0 110
192 278.0 298.0 110
191 294.33 280.0 110
23 275.0 741.0 111
181 222.5 770.5 111
194 191.33 746.0 111
195 202.0 719.0 111
181 222.5 770.5 112
17 170.0 800.0 112
134 149.5 748.5 112
194 191.33 746.0 112
134 149.5 748.5 113
13 129.0 697.0 113
195 202.0 719.0 113
194 191.33 746.0 113
24 301.0 26.0 114
196 233.5 32.0 114
197 159.0 27.67 114
198 155.5 22.5 114
196 233.5 32.0 115
16 166.0 38.0 115
151 88.0 28.5 115
197 159.0 27.67 115
151 88.0 28.5 116
0 10.0 19.0 116
198 155.5 22.5 116
197 159.0 27.67 116
24 301.0 26.0 117
173 236.0 55.5 117
199 212.67 49.67 117
196 233.5 32.0 117
173 236.0 55.5 118
18 171.0 85.0 118
154 168.5 61.5 118
199 212.67 49.67 118
154 168.5 61.5 119
16 166.0 38.0 119
196 233.5 32.0 119
199 212.67 49.67 119
29 327.0 244.0 120
190 271.0 292.5 120
200 216.0 275.67 120
158 216.5 243.0 120
190 271.0 292.5 121
20 215.0 341.0 121
162 160.5 291.5 121
200 216.0 275.67 121
162 160.5 291.5 122
8 106.0 242.0 122
158 216.5 243.0 122
200 216.0 275.67 122
25 308.0 642.0 123
201 291.5 691.5 123
202 237.33 693.33 123
171 218.5 669.5 123
201 291.5 691.5 124
23 275.0 741.0 124
195 202.0 719.0 124
202 237.33 693.33 124
195 202.0 719.0 125
13 129.0 697.0 125
171 218.5 669.5 125
202 237.33 693.33 125
23 275.0 741.0 126
201 291.5 691.5 126
203 321.67 727.67 126
204 328.5 770.5 126
201 291.5 691.5 127
25 308.0 642.0 127
205 345.0 721.0 127
203 321.67 727.67 127
205 345.0 721.0 128
32 382.0 800.0 128
204 328.5 770.5 128
203 321.67 727.67 128
26 309.0 931.0 129
206 268.0 952.5 129
207 235.33 901.67 129
183 239.5 865.5 129
206 268.0 952.5 130
22 227.0 974.0 130
187 198.5 887.0 130
207 235.33 901.67 130
187 198.5 887.0 131
17 170.0 800.0 131
183 239.5 865.5 131
207 235.33 901.67 131
27 315.0 543.0 132
208 311.5 592.5 132
209 279.0 553.67 132
210 264.5 509.5 132
208 311.5 592.5 133
25 308.0 642.0 133
172 261.0 559.0 133
209 279.0 553.67 133
172 261.0 559.0 134
19 214.0 476.0 134
210 264.5 509.5 134
209 279.0 553.67 134
25 308.0 642.0 135
208 311.5 592.5 135
211 328.0 589.0 135
212 334.5 612.0 135
208 311.5 592.5 136
27 315.0 543.0 136
213 338.0 562.5 136
211 328.0 589.0 136
213 338.0 562.5 137
31 361.0 582.0 137
212 334.5 612.0 137
211 328.0 589.0 137
28 321.0 429.0 138
214 318.0 486.0 138
215 283.33 482.67 138
179 267.5 452.5 138
214 318.0 486.0 139
27 315.0 543.0 139
210 264.5 509.5 139
215 283.33 482.67 139
210 264.5 509.5 140
19 214.0 476.0 140
179 267.5 452.5 140
215 283.33 482.67 140
27 315.0 543.0 141
214 318.0 486.0 141
216 344.33 479.0 141
217 356.0 504.0 141
214 318.0 486.0 142
28 321.0 429.0 142
218 359.0 447.0 142
216 344.33 479.0 142
218 359.0 447.0 143
33 397.0 465.0 143
217 356.0 504.0 143
216 344.33 479.0 143
28 321.0 429.0 144
180 273.0 418.5 144
219 253.67 392.67 144
220 268.0 385.0 144
180 273.0 418.5 145
21 225.0 408.0 145
169 220.0 374.5 145
219 253.67 392.67 145
169 220.0 374.5 146
20 215.0 341.0 146
220 268.0 385.0 146
219 253.67 392.67 146
30 341.0 255.0 147
221 331.0 342.0 147
222 292.33 341.67 147
192 278.0 298.0 147
221 331.0 342.0 148
28 321.0 429.0 148
220 268.0 385.0 148
222 292.33 341.67 148
220 268.0 385.0 149
20 215.0 341.0 149
192 278.0 298.0 149
222 292.33 341.67 149
29 327.0 244.0 150
175 314.0 135.0 150
223 355.0 115.0 150
224 382.0 159.5 150
175 314.0 135.0 151
24 301.0 26.0 151
225 369.0 50.5 151
223 355.0 115.0 151
225 369.0 50.5 152
37 437.0 75.0 152
224 382.0 159.5 152
223 355.0 115.0 152
28 321.0 429.0 153
221 331.0 342.0 153
226 356.33 351.0 153
227 364.0 399.0 153
221 331.0 342.0 154
30 341.0 255.0 154
228 374.0 312.0 154
226 356.33 351.0 154
228 374.0 312.0 155
34 407.0 369.0 155
227 364.0 399.0 155
226 356.33 351.0 155
25 308.0 642.0 156
212 334.5 612.0 156
229 376.33 652.0 156
230 384.0 687.0 156
212 334.5 612.0 157
31 361.0 582.0 157
231 410.5 657.0 157
229 376.33 652.0 157
231 410.5 657.0 158
39 460.0 732.0 158
230 384.0 687.0 158
229 376.33 652.0 158
31 361.0 582.0 159
232 379.0 523.5 159
233 390.33 505.0 159
234 387.0 525.0 159
232 379.0 523.5 160
33 397.0 465.0 160
235 405.0 466.5 160
233 390.33 505.0 160
235 405.0 466.5 161
36 413.0 468.0 161
234 387.0 525.0 161
233 390.33 505.0 161
32 382.0 800.0 162
236 345.5 865.5 162
237 322.0 824.0 162
204 328.5 770.5 162
236 345.5 865.5 163
26 309.0 931.0 163
184 292.0 836.0 163
237 322.0 824.0 163
184 292.0 836.0 164
23 275.0 741.0 164
204 328.5 770.5 164
237 322.0 824.0 164
34 407.0 369.0 165
238 402.0 417.0 165
239 375.0 421.0 165
227 364.0 399.0 165
238 402.0 417.0 166
33 397.0 465.0 166
218 359.0 447.0 166
239 375.0 421.0 166
218 359.0 447.0 167
28 321.0 429.0 167
227 364.0 399.0 167
239 375.0 421.0 167
33 397.0 465.0 168
232 379.0 523.5 168
240 357.67 530.0 168
217 356.0 504.0 168
232 379.0 523.5 169
31 361.0 582.0 169
213 338.0 562.5 169
240 357.67 530.0 169
213 338.0 562.5 170
27 315.0 543.0 170
217 356.0 504.0 170
240 357.67 530.0 170
40 463.0 212.0 171
241 402.0 233.5 171
242 377.0 237.0 171
243 395.0 228.0 171
241 402.0 233.5 172
30 341.0 255.0 172
193 334.0 249.5 172
242 377.0 237.0 172
193 334.0 249.5 173
29 327.0 244.0 173
243 395.0 228.0 173
242 377.0 237.0 173
33 397.0 465.0 174
238 402.0 417.0 174
244 405.67 434.0 174
235 405.0 466.5 174
238 402.0 417.0 175
34 407.0 369.0 175
245 410.0 418.5 175
244 405.67 434.0 175
245 410.0 418.5 176
36 413.0 468.0 176
235 405.0 466.5 176
244 405.67 434.0 176
39 460.0 732.0 177
246 421.0 766.0 177
247 383.33 724.67 177
230 384.0 687.0 177
246 421.0 766.0 178
32 382.0 800.0 178
205 345.0 721.0 178
247 383.33 724.67 178
205 345.0 721.0 179
25 308.0 642.0 179
230 384.0 687.0 179
247 383.33 724.67 179
35 408.0 914.0 180
248 358.5 922.5 180
249 366.33 881.67 180
250 395.0 857.0 180
248 358.5 922.5 181
26 309.0 931.0 181
236 345.5 865.5 181
249 366.33 881.67 181
236 345.5 865.5 182
32 382.0 800.0 182
250 395.0 857.0 182
249 366.33 881.67 182
35 408.0 914.0 183
251 317.5 944.0 183
252 314.67 939.67 183
248 358.5 922.5 183
251 317.5 944.0 184
22 227.0 974.0 184
206 268.0 952.5 184
252 314.67 939.67 184
206 268.0 952.5 185
26 309.0 931.0 185
248 358.5 922.5 185
252 314.67 939.67 185
31 361.0 582.0 186
234 387.0 525.0 186
253 434.33 560.33 186
254 445.0 606.5 186
234 387.0 525.0 187
36 413.0 468.0 187
255 471.0 549.5 187
253 434.33 560.33 187
255 471.0 549.5 188
47 529.0 631.0 188
254 445.0 606.5 188
253 434.33 560.33 188
29 327.0 244.0 189
224 382.0 159.5 189
256 409.0 177.0 189
243 395.0 228.0 189
224 382.0 159.5 190
37 437.0 75.0 190
257 450.0 143.5 190
256 409.0 177.0 190
257 450.0 143.5 191
40 463.0 212.0 191
243 395.0 228.0 191
256 409.0 177.0 191
30 341.0 255.0 192
241 402.0 233.5 192
258 420.33 249.0 192
259 399.0 267.5 192
241 402.0 233.5 193
40 463.0 212.0 193
260 460.0 246.0 193
258 420.33 249.0 193
260 460.0 246.0 194
38 457.0 280.0 194
259 399.0 267.5 194
258 420.33 249.0 194
34 407.0 369.0 195
261 432.0 324.5 195
262 448.33 338.67 195
263 444.0 368.0 195
261 432.0 324.5 196
38 457.0 280.0 196
264 469.0 323.5 196
262 448.33 338.67 196
264 469.0 323.5 197
41 481.0 367.0 197
263 444.0 368.0 197
262 448.33 338.67 197
34 407.0 369.0 198
263 444.0 368.0 198
265 461.67 386.33 198
266 452.0 396.0 198
263 444.0 368.0 199
41 481.0 367.0 199
267 489.0 395.0 199
265 461.67 386.33 199
267 489.0 395.0 200
42 497.0 423.0 200
266 452.0 396.0 200
265 461.67 386.33 200
32 382.0 800.0 201
246 421.0 766.0 201
268 446.67 799.33 201
269 440.0 833.0 201
246 421.0 766.0 202
39 460.0 732.0 202
270 479.0 799.0 202
268 446.67 799.33 202
270 479.0 799.0 203
43 498.0 866.0 203
269 440.0 833.0 203
268 446.67 799.33 203
38 457.0 280.0 204
261 432.0 324.5 204
271 401.67 301.33 204
259 399.0 267.5 204
261 432.0 324.5 205
34 407.0 369.0 205
228 374.0 312.0 205
271 401.67 301.33 205
228 374.0 312.0 206
30 341.0 255.0 206
259 399.0 267.5 206
271 401.67 301.33 206
38 457.0 280.0 207
260 460.0 246.0 207
272 479.33 264.0 207
273 487.5 290.0 207
260 460.0 246.0 208
40 463.0 212.0 208
274 490.5 256.0 208
272 479.33 264.0 208
274 490.5 256.0 209
44 518.0 300.0 209
273 487.5 290.0 209
272 479.33 264.0 209
42 497.0 423.0 210
275 455.0 445.5 210
276 439.0 420.0 210
266 452.0 396.0 210
275 455.0 445.5 211
36 413.0 468.0 211
245 410.0 418.5 211
276 439.0 420.0 211
245 410.0 418.5 212
34 407.0 369.0 212
266 452.0 396.0 212
276 439.0 420.0 212
41 481.0 367.0 213
277 499.5 333.5 213
278 514.0 367.67 213
279 512.0 401.5 213
277 499.5 333.5 214
44 518.0 300.0 214
280 530.5 368.0 214
278 514.0 367.67 214
280 530.5 368.0 215
48 543.0 436.0 215
279 512.0 401.5 215
278 514.0 367.67 215
36 413.0 468.0 216
281 479.5 458.5 216
282 511.67 496.33 216
283 494.5 520.0 216
281 479.5 458.5 217
49 546.0 449.0 217
284 561.0 510.5 217
282 511.67 496.33 217
284 561.0 510.5 218
51 576.0 572.0 218
283 494.5 520.0 218
282 511.67 496.33 218
47 529.0 631.0 219
285 494.5 681.5 219
286 450.0 648.33 219
254 445.0 606.5 219
285 494.5 681.5 220
39 460.0 732.0 220
231 410.5 657.0 220
286 450.0 648.33 220
231 410.5 657.0 221
31 361.0 582.0 221
254 445.0 606.5 221
286 450.0 648.33 221
43 498.0 866.0 222
287 453.0 890.0 222
288 429.33 860.0 222
269 440.0 833.0 222
287 453.0 890.0 223
35 408.0 914.0 223
250 395.0 857.0 223
288 429.33 860.0 223
250 395.0 857.0 224
32 382.0 800.0 224
269 440.0 833.0 224
288 429.33 860.0 224
40 463.0 212.0 225
289 519.5 197.5 225
290 519.0 231.67 225
274 490.5 256.0 225
289 519.5 197.5 226
52 576.0 183.0 226
291 547.0 241.5 226
290 519.0 231.67 226
291 547.0 241.5 227
44 518.0 300.0 227
274 490.5 256.0 227
290 519.0 231.67 227
44 518.0 300.0 228
277 499.5 333.5 228
292 485.33 315.67 228
273 487.5 290.0 228
277 499.5 333.5 229
41 481.0 367.0 229
264 469.0 323.5 229
292 485.33 315.67 229
264 469.0 323.5 230
38 457.0 280.0 230
273 487.5 290.0 230
292 485.33 315.67 230
48 543.0 436.0 231
293 520.0 429.5 231
294 507.0 408.67 231
279 512.0 401.5 231
293 520.0 429.5 232
42 497.0 423.0 232
267 489.0 395.0 232
294 507.0 408.67 232
267 489.0 395.0 233
41 481.0 367.0 233
279 512.0 401.5 233
294 507.0 408.67 233
43 498.0 866.0 234
295 512.5 857.5 234
296 515.67 878.67 234
297 510.0 893.5 234
295 512.5 857.5 235
46 527.0 849.0 235
298 524.5 885.0 235
296 515.67 878.67 235
298 524.5 885.0 236
45 522.0 921.0 236
297 510.0 893.5 236
296 515.67 878.67 236
45 522.0 921.0 237
299 465.0 917.5 237
300 476.0 900.33 237
297 510.0 893.5 237
299 465.0 917.5 238
35 408.0 914.0 238
287 453.0 890.0 238
300 476.0 900.33 238
287 453.0 890.0 239
43 498.0 866.0 239
297 510.0 893.5 239
300 476.0 900.33 239
45 522.0 921.0 240
301 374.5 947.5 240
302 385.67 936.33 240
299 465.0 917.5 240
301 374.5 947.5 241
22 227.0 974.0 241
251 317.5 944.0 241
302 385.67 936.33 241
251 317.5 944.0 242
35 408.0 914.0 242
299 465.0 917.5 242
302 385.67 936.33 242
46 527.0 849.0 243
295 512.5 857.5 243
303 495.0 815.67 243
304 493.5 790.5 243
295 512.5 857.5 244
43 498.0 866.0 244
270 479.0 799.0 244
303 495.0 815.67 244
270 479.0 799.0 245
39 460.0 732.0 245
304 493.5 790.5 245
303 495.0 815.67 245
39 460.0 732.0 246
285 494.5 681.5 246
305 519.33 687.33 246
306 514.5 715.5 246
285 494.5 681.5 247
47 529.0 631.0 247
307 549.0 665.0 247
305 519.33 687.33 247
307 549.0 665.0 248
50 569.0 699.0 248
306 514.5 715.5 248
305 519.33 687.33 248
42 497.0 423.0 249
293 520.0 429.5 249
308 528.67 436.0 249
309 521.5 436.0 249
293 520.0 429.5 250
48 543.0 436.0 250
310 544.5 442.5 250
308 528.67 436.0 250
310 544.5 442.5 251
49 546.0 449.0 251
309 521.5 436.0 251
308 528.67 436.0 251
49 546.0 449.0 252
281 479.5 458.5 252
311 485.33 446.67 252
309 521.5 436.0 252
281 479.5 458.5 253
36 413.0 468.0 253
275 455.0 445.5 253
311 485.33 446.67 253
275 455.0 445.5 254
42 497.0 423.0 254
309 521.5 436.0 254
311 485.33 446.67 254
44 518.0 300.0 255
291 547.0 241.5 255
312 583.0 283.33 255
313 586.5 333.5 255
291 547.0 241.5 256
52 576.0 183.0 256
314 615.5 275.0 256
312 583.0 283.33 256
314 615.5 275.0 257
55 655.0 367.0 257
313 586.5 333.5 257
312 583.0 283.33 257
51 576.0 572.0 258
315 552.5 601.5 258
316 506.0 557.0 258
283 494.5 520.0 258
315 552.5 601.5 259
47 529.0 631.0 259
255 471.0 549.5 259
316 506.0 557.0 259
255 471.0 549.5 260
36 413.0 468.0 260
283 494.5 520.0 260
316 506.0 557.0 260
50 569.0 699.0 261
317 548.0 774.0 261
318 518.67 760.0 261
306 514.5 715.5 261
317 548.0 774.0 262
46 527.0 849.0 262
304 493.5 790.5 262
318 518.67 760.0 262
304 493.5 790.5 263
39 460.0 732.0 263
306 514.5 715.5 263
318 518.67 760.0 263
46 527.0 849.0 264
317 548.0 774.0 264
319 624.33 794.0 264
320 652.0 841.5 264
317 548.0 774.0 265
50 569.0 699.0 265
321 673.0 766.5 265
319 624.33 794.0 265
321 673.0 766.5 266
59 777.0 834.0 266
320 652.0 841.5 266
319 624.33 794.0 266
55 655.0 367.0 267
322 600.5 408.0 267
323 581.33 417.33 267
324 599.0 401.5 267
322 600.5 408.0 268
49 546.0 449.0 268
310 544.5 442.5 268
323 581.33 417.33 268
310 544.5 442.5 269
48 543.0 436.0 269
324 599.0 401.5 269
323 581.33 417.33 269
47 529.0 631.0 270
315 552.5 601.5 270
325 565.33 616.67 270
326 560.0 639.0 270
315 552.5 601.5 271
51 576.0 572.0 271
327 583.5 609.5 271
325 565.33 616.67 271
327 583.5 609.5 272
54 591.0 647.0 272
326 560.0 639.0 272
325 565.33 616.67 272
52 576.0 183.0 273
289 519.5 197.5 273
328 492.0 156.67 273
329 506.5 129.0 273
289 519.5 197.5 274
40 463.0 212.0 274
257 450.0 143.5 274
328 492.0 156.67 274
257 450.0 143.5 275
37 437.0 75.0 275
329 506.5 129.0 275
328 492.0 156.67 275
55 655.0 367.0 276
324 599.0 401.5 276
330 572.0 367.67 276
313 586.5 333.5 276
324 599.0 401.5 277
48 543.0 436.0 277
280 530.5 368.0 277
330 572.0 367.67 277
280 530.5 368.0 278
44 518.0 300.0 278
313 586.5 333.5 278
330 572.0 367.67 278
54 591.0 647.0 279
331 585.5 656.0 279
332 566.67 647.67 279
326 560.0 639.0 279
331 585.5 656.0 280
53 580.0 665.0 280
333 554.5 648.0 280
332 566.67 647.67 280
333 554.5 648.0 281
47 529.0 631.0 281
326 560.0 639.0 281
332 566.67 647.67 281
53 580.0 665.0 282
334 574.5 682.0 282
335 559.33 665.0 282
333 554.5 648.0 282
334 574.5 682.0 283
50 569.0 699.0 283
307 549.0 665.0 283
335 559.33 665.0 283
307 549.0 665.0 284
47 529.0 631.0 284
333 554.5 648.0 284
335 559.33 665.0 284
53 580.0 665.0 285
336 692.0 700.0 285
337 651.0 699.67 285
334 574.5 682.0 285
336 692.0 700.0 286
63 804.0 735.0 286
338 686.5 717.0 286
337 651.0 699.67 286
338 686.5 717.0 287
50 569.0 699.0 287
334 574.5 682.0 287
337 651.0 699.67 287
57 684.0 406.0 288
339 630.0 489.0 288
340 602.0 475.67 288
341 615.0 427.5 288
339 630.0 489.0 289
51 576.0 572.0 289
284 561.0 510.5 289
340 602.0 475.67 289
284 561.0 510.5 290
49 546.0 449.0 290
341 615.0 427.5 290
340 602.0 475.67 290
63 804.0 735.0 291
336 692.0 700.0 291
342 658.33 682.33 291
343 697.5 691.0 291
336 692.0 700.0 292
53 580.0 665.0 292
331 585.5 656.0 292
342 658.33 682.33 292
331 585.5 656.0 293
54 591.0 647.0 293
343 697.5 691.0 293
342 658.33 682.33 293
49 546.0 449.0 294
322 600.5 408.0 294
344 628.33 407.33 294
341 615.0 427.5 294
322 600.5 408.0 295
55 655.0 367.0 295
345 669.5 386.5 295
344 628.33 407.33 295
345 669.5 386.5 296
57 684.0 406.0 296
341 615.0 427.5 296
344 628.33 407.33 296
56 672.0 598.0 297
346 631.5 622.5 297
347 613.0 605.67 297
348 624.0 585.0 297
346 631.5 622.5 298
54 591.0 647.0 298
327 583.5 609.5 298
347 613.0 605.67 298
327 583.5 609.5 299
51 576.0 572.0 299
348 624.0 585.0 299
347 613.0 605.67 299
63 804.0 735.0 300
343 697.5 691.0 300
349 689.0 660.0 300
350 738.0 666.5 300
343 697.5 691.0 301
54 591.0 647.0 301
346 631.5 622.5 301
349 689.0 660.0 301
346 631.5 622.5 302
56 672.0 598.0 302
350 738.0 666.5 302
349 689.0 660.0 302
55 655.0 367.0 303
314 615.5 275.0 303
351 678.0 276.0 303
352 729.0 322.5 303
314 615.5 275.0 304
52 576.0 183.0 304
353 689.5 230.5 304
351 678.0 276.0 304
353 689.5 230.5 305
61 803.0 278.0 305
352 729.0 322.5 305
351 678.0 276.0 305
57 684.0 406.0 306
354 678.0 502.0 306
355 644.0 525.33 306
339 630.0 489.0 306
354 678.0 502.0 307
56 672.0 598.0 307
348 624.0 585.0 307
355 644.0 525.33 307
348 624.0 585.0 308
51 576.0 572.0 308
339 630.0 489.0 308
355 644.0 525.33 308
58 742.0 102.0 309
356 589.5 88.5 309
357 493.33 67.67 309
358 521.5 64.0 309
356 589.5 88.5 310
37 437.0 75.0 310
225 369.0 50.5 310
357 493.33 67.67 310
225 369.0 50.5 311
24 301.0 26.0 311
358 521.5 64.0 311
357 493.33 67.67 311
58 742.0 102.0 312
359 659.0 142.5 312
360 585.0 120.0 312
356 589.5 88.5 312
359 659.0 142.5 313
52 576.0 183.0 313
329 506.5 129.0 313
360 585.0 120.0 313
329 506.5 129.0 314
37 437.0 75.0 314
356 589.5 88.5 314
360 585.0 120.0 314
52 576.0 183.0 315
359 659.0 142.5 315
361 707.0 187.67 315
353 689.5 230.5 315
359 659.0 142.5 316
58 742.0 102.0 316
362 772.5 190.0 316
361 707.0 187.67 316
362 772.5 190.0 317
61 803.0 278.0 317
353 689.5 230.5 317
361 707.0 187.67 317
60 795.0 300.0 318
363 739.5 353.0 318
364 711.33 357.67 318
365 725.0 333.5 318
363 739.5 353.0 319
57 684.0 406.0 319
345 669.5 386.5 319
364 711.33 357.67 319
345 669.5 386.5 320
55 655.0 367.0 320
365 725.0 333.5 320
364 711.33 357.67 320
63 804.0 735.0 321
350 738.0 666.5 321
366 720.0 579.67 321
367 744.0 570.5 321
350 738.0 666.5 322
56 672.0 598.0 322
354 678.0 502.0 322
366 720.0 579.67 322
354 678.0 502.0 323
57 684.0 406.0 323
367 744.0 570.5 323
366 720.0 579.67 323
59 777.0 834.0 324
368 649.5 877.5 324
369 608.67 868.0 324
320 652.0 841.5 324
368 649.5 877.5 325
45 522.0 921.0 325
298 524.5 885.0 325
369 608.67 868.0 325
298 524.5 885.0 326
46 527.0 849.0 326
320 652.0 841.5 326
369 608.67 868.0 326
57 684.0 406.0 327
363 739.5 353.0 327
370 791.67 422.33 327
371 790.0 483.5 327
363 739.5 353.0 328
60 795.0 300.0 328
372 845.5 430.5 328
370 791.67 422.33 328
372 845.5 430.5 329
77 896.0 561.0 329
371 790.0 483.5 329
370 791.67 422.33 329
61 803.0 278.0 330
373 799.0 289.0 330
374 751.0 315.0 330
352 729.0 322.5 330
373 799.0 289.0 331
60 795.0 300.0 331
365 725.0 333.5 331
374 751.0 315.0 331
365 725.0 333.5 332
55 655.0 367.0 332
352 729.0 322.5 332
374 751.0 315.0 332
60 795.0 300.0 333
373 799.0 289.0 333
375 851.33 308.0 333
376 875.5 323.0 333
373 799.0 289.0 334
61 803.0 278.0 334
377 879.5 312.0 334
375 851.33 308.0 334
377 879.5 312.0 335
87 956.0 346.0 335
376 875.5 323.0 335
375 851.33 308.0 335
59 777.0 834.0 336
378 790.5 784.5 336
379 801.0 783.0 336
380 799.5 807.0 336
378 790.5 784.5 337
63 804.0 735.0 337
381 813.0 757.5 337
379 801.0 783.0 337
381 813.0 757.5 338
67 822.0 780.0 338
380 799.5 807.0 338
379 801.0 783.0 338
62 803.0 980.0 339
382 662.5 950.5 339
383 700.67 911.67 339
384 790.0 907.0 339
382 662.5 950.5 340
45 522.0 921.0 340
368 649.5 877.5 340
383 700.67 911.67 340
368 649.5 877.5 341
59 777.0 834.0 341
384 790.0 907.0 341
383 700.67 911.67 341
62 803.0 980.0 342
385 515.0 977.0 342
386 517.33 958.33 342
382 662.5 950.5 342
385 515.0 977.0 343
22 227.0 974.0 343
301 374.5 947.5 343
386 517.33 958.33 343
301 374.5 947.5 344
45 522.0 921.0 344
382 662.5 950.5 344
386 517.33 958.33 344
63 804.0 735.0 345
378 790.5 784.5 345
387 716.67 756.0 345
338 686.5 717.0 345
378 790.5 784.5 346
59 777.0 834.0 346
321 673.0 766.5 346
387 716.67 756.0 346
321 673.0 766.5 347
50 569.0 699.0 347
338 686.5 717.0 347
387 716.67 756.0 347
77 896.0 561.0 348
388 850.0 648.0 348
389 794.67 567.33 348
371 790.0 483.5 348
388 850.0 648.0 349
63 804.0 735.0 349
367 744.0 570.5 349
389 794.67 567.33 349
367 744.0 570.5 350
57 684.0 406.0 350
371 790.0 483.5 350
389 794.67 567.33 350
59 777.0 834.0 351
390 793.0 832.5 351
391 807.67 855.33 351
392 807.0 867.5 351
390 793.0 832.5 352
64 809.0 831.0 352
393 823.0 866.0 352
391 807.67 855.33 352
393 823.0 866.0 353
69 837.0 901.0 353
392 807.0 867.5 353
391 807.67 855.33 353
65 811.0 104.0 354
394 776.5 103.0 354
395 618.0 77.33 354
396 556.0 65.0 354
394 776.5 103.0 355
58 742.0 102.0 355
358 521.5 64.0 355
395 618.0 77.33 355
358 521.5 64.0 356
24 301.0 26.0 356
396 556.0 65.0 356
395 618.0 77.33 356
65 811.0 104.0 357
397 807.0 191.0 357
398 785.33 161.33 357
394 776.5 103.0 357
397 807.0 191.0 358
61 803.0 278.0 358
362 772.5 190.0 358
398 785.33 161.33 358
362 772.5 190.0 359
58 742.0 102.0 359
394 776.5 103.0 359
398 785.33 161.33 359
61 803.0 278.0 360
397 807.0 191.0 360
399 830.67 201.67 360
400 840.5 250.5 360
397 807.0 191.0 361
65 811.0 104.0 361
401 844.5 163.5 361
399 830.67 201.67 361
401 844.5 163.5 362
74 878.0 223.0 362
400 840.5 250.5 362
399 830.67 201.67 362
64 809.0 831.0 363
402 815.5 805.5 363
403 821.33 805.67 363
404 821.0 818.5 363
402 815.5 805.5 364
67 822.0 780.0 364
405 827.5 793.0 364
403 821.33 805.67 364
405 827.5 793.0 365
68 833.0 806.0 365
404 821.0 818.5 365
403 821.33 805.67 365
66 816.0 927.0 366
406 809.5 953.5 366
407 798.67 913.67 366
408 796.5 880.5 366
406 809.5 953.5 367
62 803.0 980.0 367
384 790.0 907.0 367
407 798.67 913.67 367
384 790.0 907.0 368
59 777.0 834.0 368
408 796.5 880.5 368
407 798.67 913.67 368
67 822.0 780.0 369
402 815.5 805.5 369
409 802.67 815.0 369
380 799.5 807.0 369
402 815.5 805.5 370
64 809.0 831.0 370
390 793.0 832.5 370
409 802.67 815.0 370
390 793.0 832.5 371
59 777.0 834.0 371
380 799.5 807.0 371
409 802.67 815.0 371
63 804.0 735.0 372
388 850.0 648.0 372
410 865.33 643.67 372
411 850.0 685.0 372
388 850.0 648.0 373
77 896.0 561.0 373
412 896.0 598.0 373
410 865.33 643.67 373
412 896.0 598.0 374
76 896.0 635.0 374
411 850.0 685.0 374
410 865.33 643.67 374
64 809.0 831.0 375
404 821.0 818.5 375
413 826.33 846.0 375
393 823.0 866.0 375
404 821.0 818.5 376
68 833.0 806.0 376
414 835.0 853.5 376
413 826.33 846.0 376
414 835.0 853.5 377
69 837.0 901.0 377
393 823.0 866.0 377
413 826.33 846.0 377
80 911.0 855.0 378
415 874.0 878.0 378
416 860.33 854.0 378
417 872.0 830.5 378
415 874.0 878.0 379
69 837.0 901.0 379
414 835.0 853.5 379
416 860.33 854.0 379
414 835.0 853.5 380
68 833.0 806.0 380
417 872.0 830.5 380
416 860.33 854.0 380
69 837.0 901.0 381
418 826.5 914.0 381
419 810.0 887.33 381
392 807.0 867.5 381
418 826.5 914.0 382
66 816.0 927.0 382
408 796.5 880.5 382
419 810.0 887.33 382
408 796.5 880.5 383
59 777.0 834.0 383
392 807.0 867.5 383
419 810.0 887.33 383
66 816.0 927.0 384
418 826.5 914.0 384
420 831.33 929.0 384
421 828.5 943.0 384
418 826.5 914.0 385
69 837.0 901.0 385
422 839.0 930.0 385
420 831.33 929.0 385
422 839.0 930.0 386
70 841.0 959.0 386
421 828.5 943.0 386
420 831.33 929.0 386
71 846.0 960.0 387
423 843.5 959.5 387
424 841.33 940.0 387
425 841.5 930.5 387
423 843.5 959.5 388
70 841.0 959.0 388
422 839.0 930.0 388
424 841.33 940.0 388
422 839.0 930.0 389
69 837.0 901.0 389
425 841.5 930.5 389
424 841.33 940.0 389
70 841.0 959.0 390
426 822.0 969.5 390
427 820.0 955.33 390
421 828.5 943.0 390
426 822.0 969.5 391
62 803.0 980.0 391
406 809.5 953.5 391
427 820.0 955.33 391
406 809.5 953.5 392
66 816.0 927.0 392
421 828.5 943.0 392
427 820.0 955.33 392
61 803.0 278.0 393
400 840.5 250.5 393
428 879.0 282.33 393
377 879.5 312.0 393
400 840.5 250.5 394
74 878.0 223.0 394
429 917.0 284.5 394
428 879.0 282.33 394
429 917.0 284.5 395
87 956.0 346.0 395
377 879.5 312.0 395
428 879.0 282.33 395
71 846.0 960.0 396
430 824.5 970.0 396
431 830.0 966.33 396
423 843.5 959.5 396
430 824.5 970.0 397
62 803.0 980.0 397
426 822.0 969.5 397
431 830.0 966.33 397
426 822.0 969.5 398
70 841.0 959.0 398
423 843.5 959.5 398
431 830.0 966.33 398
65 811.0 104.0 399
432 841.5 120.5 399
433 853.67 154.67 399
401 844.5 163.5 399
432 841.5 120.5 400
72 872.0 137.0 400
434 875.0 180.0 400
433 853.67 154.67 400
434 875.0 180.0 401
74 878.0 223.0 401
401 844.5 163.5 401
433 853.67 154.67 401
68 833.0 806.0 402
435 869.5 792.5 402
436 884.67 800.33 402
437 874.0 811.0 402
435 869.5 792.5 403
79 906.0 779.0 403
438 910.5 797.5 403
436 884.67 800.33 403
438 910.5 797.5 404
81 915.0 816.0 404
437 874.0 811.0 404
436 884.67 800.33 404
63 804.0 735.0 405
411 850.0 685.0 405
439 858.33 708.0 405
440 839.5 744.5 405
411 850.0 685.0 406
76 896.0 635.0 406
441 885.5 694.5 406
439 858.33 708.0 406
441 885.5 694.5 407
73 875.0 754.0 407
440 839.5 744.5 407
439 858.33 708.0 407
73 875.0 754.0 408
441 885.5 694.5 408
442 899.33 692.33 408
443 901.0 721.0 408
441 885.5 694.5 409
76 896.0 635.0 409
444 911.5 661.5 409
442 899.33 692.33 409
444 911.5 661.5 410
84 927.0 688.0 410
443 901.0 721.0 410
442 899.33 692.33 410
71 846.0 960.0 411
425 841.5 930.5 411
445 870.0 931.33 411
446 886.5 946.5 411
425 841.5 930.5 412
69 837.0 901.0 412
447 882.0 917.0 412
445 870.0 931.33 412
447 882.0 917.0 413
85 927.0 933.0 413
446 886.5 946.5 413
445 870.0 931.33 413
75 895.0 980.0 414
448 849.0 980.0 414
449 848.0 973.33 414
450 870.5 970.0 414
448 849.0 980.0 415
62 803.0 980.0 415
430 824.5 970.0 415
449 848.0 973.33 415
430 824.5 970.0 416
71 846.0 960.0 416
450 870.5 970.0 416
449 848.0 973.33 416
73 875.0 754.0 417
451 848.5 767.0 417
452 833.67 756.33 417
440 839.5 744.5 417
451 848.5 767.0 418
67 822.0 780.0 418
381 813.0 757.5 418
452 833.67 756.33 418
381 813.0 757.5 419
63 804.0 735.0 419
440 839.5 744.5 419
452 833.67 756.33 419
73 875.0 754.0 420
453 854.0 780.0 420
454 843.33 780.0 420
451 848.5 767.0 420
453 854.0 780.0 421
68 833.0 806.0 421
405 827.5 793.0 421
454 843.33 780.0 421
405 827.5 793.0 422
67 822.0 780.0 422
451 848.5 767.0 422
454 843.33 780.0 422
78 906.0 139.0 423
455 889.0 138.0 423
456 863.0 126.67 423
457 858.5 121.5 423
455 889.0 138.0 424
72 872.0 137.0 424
432 841.5 120.5 424
456 863.0 126.67 424
432 841.5 120.5 425
65 811.0 104.0 425
457 858.5 121.5 425
456 863.0 126.67 425
78 906.0 139.0 426
458 892.0 181.0 426
459 885.33 166.33 426
455 889.0 138.0 426
458 892.0 181.0 427
74 878.0 223.0 427
434 875.0 180.0 427
459 885.33 166.33 427
434 875.0 180.0 428
72 872.0 137.0 428
455 889.0 138.0 428
459 885.33 166.33 428
74 878.0 223.0 429
458 892.0 181.0 429
460 923.0 184.0 429
461 931.5 206.5 429
458 892.0 181.0 430
78 906.0 139.0 430
462 945.5 164.5 430
460 923.0 184.0 430
462 945.5 164.5 431
88 985.0 190.0 431
461 931.5 206.5 431
460 923.0 184.0 431
87 956.0 346.0 432
463 926.0 453.5 432
464 882.33 402.33 432
376 875.5 323.0 432
463 926.0 453.5 433
77 896.0 561.0 433
372 845.5 430.5 433
464 882.33 402.33 433
372 845.5 430.5 434
60 795.0 300.0 434
376 875.5 323.0 434
464 882.33 402.33 434
77 896.0 561.0 435
463 926.0 453.5 435
465 934.67 490.67 435
466 924.0 563.0 435
463 926.0 453.5 436
87 956.0 346.0 436
467 954.0 455.5 436
465 934.67 490.67 436
467 954.0 455.5 437
86 952.0 565.0 437
466 924.0 563.0 437
465 934.67 490.67 437
79 906.0 779.0 438
435 869.5 792.5 438
468 871.33 779.67 438
469 890.5 766.5 438
435 869.5 792.5 439
68 833.0 806.0 439
453 854.0 780.0 439
468 871.33 779.67 439
453 854.0 780.0 440
73 875.0 754.0 440
469 890.5 766.5 440
468 871.33 779.67 440
81 915.0 816.0 441
470 913.0 835.5 441
471 886.33 825.67 441
437 874.0 811.0 441
470 913.0 835.5 442
80 911.0 855.0 442
417 872.0 830.5 442
471 886.33 825.67 442
417 872.0 830.5 443
68 833.0 806.0 443
437 874.0 811.0 443
471 886.33 825.67 443
69 837.0 901.0 444
415 874.0 878.0 444
472 891.67 896.33 444
447 882.0 917.0 444
415 874.0 878.0 445
80 911.0 855.0 445
473 919.0 894.0 445
472 891.67 896.33 445
473 919.0 894.0 446
85 927.0 933.0 446
447 882.0 917.0 446
472 891.67 896.33 446
79 906.0 779.0 447
474 915.0 766.0 447
475 915.0 782.67 447
438 910.5 797.5 447
474 915.0 766.0 448
82 924.0 753.0 448
476 919.5 784.5 448
475 915.0 782.67 448
476 919.5 784.5 449
81 915.0 816.0 449
438 910.5 797.5 449
475 915.0 782.67 449
82 924.0 753.0 450
474 915.0 766.0 450
477 901.67 762.0 450
478 899.5 753.5 450
474 915.0 766.0 451
79 906.0 779.0 451
469 890.5 766.5 451
477 901.67 762.0 451
469 890.5 766.5 452
73 875.0 754.0 452
478 899.5 753.5 452
477 901.67 762.0 452
81 915.0 816.0 453
476 919.5 784.5 453
479 945.33 738.67 453
480 956.0 731.5 453
476 919.5 784.5 454
82 924.0 753.0 454
481 960.5 700.0 454
479 945.33 738.67 454
481 960.5 700.0 455
89 997.0 647.0 455
480 956.0 731.5 455
479 945.33 738.67 455
85 927.0 933.0 456
482 911.0 956.5 456
483 889.33 957.67 456
446 886.5 946.5 456
482 911.0 956.5 457
75 895.0 980.0 457
450 870.5 970.0 457
483 889.33 957.67 457
450 870.5 970.0 458
71 846.0 960.0 458
446 886.5 946.5 458
483 889.33 957.67 458
75 895.0 980.0 459
482 911.0 956.5 459
484 916.0 961.67 459
485 910.5 976.0 459
482 911.0 956.5 460
85 927.0 933.0 460
486 926.5 952.5 460
484 916.0 961.67 460
486 926.5 952.5 461
83 926.0 972.0 461
485 910.5 976.0 461
484 916.0 961.67 461
73 875.0 754.0 462
443 901.0 721.0 462
487 908.67 731.67 462
478 899.5 753.5 462
443 901.0 721.0 463
84 927.0 688.0 463
488 925.5 720.5 463
487 908.67 731.67 463
488 925.5 720.5 464
82 924.0 753.0 464
478 899.5 753.5 464
487 908.67 731.67 464
84 927.0 688.0 465
489 962.0 667.5 465
490 949.33 696.0 465
488 925.5 720.5 465
489 962.0 667.5 466
89 997.0 647.0 466
481 960.5 700.0 466
490 949.33 696.0 466
481 960.5 700.0 467
82 924.0 753.0 467
488 925.5 720.5 467
490 949.33 696.0 467
85 927.0 933.0 468
473 919.0 894.0 468
491 917.67 868.0 468
492 921.0 874.5 468
473 919.0 894.0 469
80 911.0 855.0 469
470 913.0 835.5 469
491 917.67 868.0 469
470 913.0 835.5 470
81 915.0 816.0 470
492 921.0 874.5 470
491 917.67 868.0 470
76 896.0 635.0 471
493 924.0 600.0 471
494 948.33 615.67 471
495 946.5 641.0 471
493 924.0 600.0 472
86 952.0 565.0 472
496 974.5 606.0 472
494 948.33 615.67 472
496 974.5 606.0 473
89 997.0 647.0 473
495 946.5 641.0 473
494 948.33 615.67 473
89 997.0 647.0 474
489 962.0 667.5 474
497 940.0 656.67 474
495 946.5 641.0 474
489 962.0 667.5 475
84 927.0 688.0 475
444 911.5 661.5 475
497 940.0 656.67 475
444 911.5 661.5 476
76 896.0 635.0 476
495 946.5 641.0 476
497 940.0 656.67 476
89 997.0 647.0 477
498 962.0 790.0 477
499 946.33 798.67 477
480 956.0 731.5 477
498 962.0 790.0 478
85 927.0 933.0 478
492 921.0 874.5 478
499 946.33 798.67 478
492 921.0 874.5 479
81 915.0 816.0 479
480 956.0 731.5 479
499 946.33 798.67 479
86 952.0 565.0 480
493 924.0 600.0 480
500 914.67 587.0 480
466 924.0 563.0 480
493 924.0 600.0 481
76 896.0 635.0 481
412 896.0 598.0 481
500 914.67 587.0 481
412 896.0 598.0 482
77 896.0 561.0 482
466 924.0 563.0 482
500 914.67 587.0 482
88 985.0 190.0 483
501 970.5 268.0 483
502 939.67 253.0 483
461 931.5 206.5 483
501 970.5 268.0 484
87 956.0 346.0 484
429 917.0 284.5 484
502 939.67 253.0 484
429 917.0 284.5 485
74 878.0 223.0 485
461 931.5 206.5 485
502 939.67 253.0 485
87 956.0 346.0 486
501 970.5 268.0 486
503 979.33 394.33 486
504 976.5 496.5 486
501 970.5 268.0 487
88 985.0 190.0 487
505 991.0 418.5 487
503 979.33 394.33 487
505 991.0 418.5 488
89 997.0 647.0 488
504 976.5 496.5 488
503 979.33 394.33 488
89 997.0 647.0 489
496 974.5 606.0 489
506 968.33 519.33 489
504 976.5 496.5 489
496 974.5 606.0 490
86 952.0 565.0 490
467 954.0 455.5 490
506 968.33 519.33 490
467 954.0 455.5 491
87 956.0 346.0 491
504 976.5 496.5 491
506 968.33 519.33 491
89 997.0 647.0 492
507 961.5 809.5 492
508 950.0 850.67 492
498 962.0 790.0 492
507 961.5 809.5 493
83 926.0 972.0 493
486 926.5 952.5 493
508 950.0 850.67 493
486 926.5 952.5 494
85 927.0 933.0 494
498 962.0 790.0 494
508 950.0 850.67 494
