V x y Q
0 17.0 614.0 0
80 23.0 418.0 0
81 31.33 568.0 0
82 32.5 741.0 0
80 23.0 418.0 1
1 29.0 222.0 1
83 38.5 545.0 1
81 31.33 568.0 1
83 38.5 545.0 2
2 48.0 868.0 2
82 32.5 741.0 2
81 31.33 568.0 2
3 50.0 761.0 3
84 49.0 814.5 3
85 42.33 617.0 3
86 39.5 491.5 3
84 49.0 814.5 4
2 48.0 868.0 4
83 38.5 545.0 4
85 42.33 617.0 4
83 38.5 545.0 5
1 29.0 222.0 5
86 39.5 491.5 5
85 42.33 617.0 5
4 55.0 947.0 6
87 51.5 907.5 6
88 51.0 858.67 6
89 52.5 854.0 6
87 51.5 907.5 7
2 48.0 868.0 7
84 49.0 814.5 7
88 51.0 858.67 7
84 49.0 814.5 8
3 50.0 761.0 8
89 52.5 854.0 8
88 51.0 858.67 8
4 55.0 947.0 9
90 36.0 780.5 9
91 40.0 809.67 9
87 51.5 907.5 9
90 36.0 780.5 10
0 17.0 614.0 10
82 32.5 741.0 10
91 40.0 809.67 10
82 32.5 741.0 11
2 48.0 868.0 11
87 51.5 907.5 11
91 40.0 809.67 11
5 73.0 925.0 12
92 61.5 843.0 12
93 50.67 636.0 12
94 51.0 573.5 12
92 61.5 843.0 13
3 50.0 761.0 13
86 39.5 491.5 13
93 50.67 636.0 13
86 39.5 491.5 14
1 29.0 222.0 14
94 51.0 573.5 14
93 50.67 636.0 14
5 73.0 925.0 15
95 64.0 936.0 15
96 59.33 877.67 15
92 61.5 843.0 15
95 64.0 936.0 16
4 55.0 947.0 16
89 52.5 854.0 16
96 59.33 877.67 16
89 52.5 854.0 17
3 50.0 761.0 17
92 61.5 843.0 17
96 59.33 877.67 17
6 75.0 516.0 18
97 74.0 720.5 18
98 59.0 554.33 18
99 52.0 369.0 18
97 74.0 720.5 19
5 73.0 925.0 19
94 51.0 573.5 19
98 59.0 554.33 19
94 51.0 573.5 20
1 29.0 222.0 20
99 52.0 369.0 20
98 59.0 554.33 20
7 98.0 115.0 21
100 86.5 315.5 21
101 67.33 284.33 21
102 63.5 168.5 21
100 86.5 315.5 22
6 75.0 516.0 22
99 52.0 369.0 22
101 67.33 284.33 22
99 52.0 369.0 23
1 29.0 222.0 23
102 63.5 168.5 23
101 67.33 284.33 23
7 98.0 115.0 24
103 85.5 520.0 24
104 82.0 518.67 24
100 86.5 315.5 24
103 85.5 520.0 25
5 73.0 925.0 25
97 74.0 720.5 25
104 82.0 518.67 25
97 74.0 720.5 26
6 75.0 516.0 26
100 86.5 315.5 26
104 82.0 518.67 26
8 128.0 143.0 27
105 100.5 534.0 27
106 99.67 394.33 27
107 113.0 129.0 27
105 100.5 534.0 28
5 73.0 925.0 28
103 85.5 520.0 28
106 99.67 394.33 28
103 85.5 520.0 29
7 98.0 115.0 29
107 113.0 129.0 29
106 99.67 394.33 29
9 202.0 68.0 30
108 165.0 105.5 30
109 142.67 108.67 30
110 150.0 91.5 30
108 165.0 105.5 31
8 128.0 143.0 31
107 113.0 129.0 31
109 142.67 108.67 31
107 113.0 129.0 32
7 98.0 115.0 32
110 150.0 91.5 32
109 142.67 108.67 32
9 202.0 68.0 33
111 137.5 496.5 33
112 134.33 378.67 33
108 165.0 105.5 33
111 137.5 496.5 34
5 73.0 925.0 34
105 100.5 534.0 34
112 134.33 378.67 34
105 100.5 534.0 35
8 128.0 143.0 35
108 165.0 105.5 35
112 134.33 378.67 35
10 214.0 47.0 36
113 208.0 57.5 36
114 171.33 76.67 36
115 156.0 81.0 36
113 208.0 57.5 37
9 202.0 68.0 37
110 150.0 91.5 37
114 171.33 76.67 37
110 150.0 91.5 38
7 98.0 115.0 38
115 156.0 81.0 38
114 171.33 76.67 38
10 214.0 47.0 39
116 143.5 486.0 39
117 163.0 346.67 39
113 208.0 57.5 39
116 143.5 486.0 40
5 73.0 925.0 40
111 137.5 496.5 40
117 163.0 346.67 40
111 137.5 496.5 41
9 202.0 68.0 41
113 208.0 57.5 41
117 163.0 346.67 41
11 250.0 900.0 42
118 161.5 912.5 42
119 179.0 624.0 42
120 232.0 473.5 42
118 161.5 912.5 43
5 73.0 925.0 43
116 143.5 486.0 43
119 179.0 624.0 43
116 143.5 486.0 44
10 214.0 47.0 44
120 232.0 473.5 44
119 179.0 624.0 44
11 250.0 900.0 45
121 152.5 923.5 45
122 126.0 924.0 45
118 161.5 912.5 45
121 152.5 923.5 46
4 55.0 947.0 46
95 64.0 936.0 46
122 126.0 924.0 46
95 64.0 936.0 47
5 73.0 925.0 47
118 161.5 912.5 47
122 126.0 924.0 47
12 283.0 405.0 48
123 266.5 652.5 48
124 249.0 450.67 48
125 248.5 226.0 48
123 266.5 652.5 49
11 250.0 900.0 49
120 232.0 473.5 49
124 249.0 450.67 49
120 232.0 473.5 50
10 214.0 47.0 50
125 248.5 226.0 50
124 249.0 450.67 50
13 294.0 841.0 51
126 272.0 870.5 51
127 275.67 715.33 51
128 288.5 623.0 51
126 272.0 870.5 52
11 250.0 900.0 52
123 266.5 652.5 52
127 275.67 715.33 52
123 266.5 652.5 53
12 283.0 405.0 53
128 288.5 623.0 53
127 275.67 715.33 53
14 311.0 631.0 54
129 302.5 736.0 54
130 296.0 625.67 54
131 297.0 518.0 54
129 302.5 736.0 55
13 294.0 841.0 55
128 288.5 623.0 55
130 296.0 625.67 55
128 288.5 623.0 56
12 283.0 405.0 56
131 297.0 518.0 56
130 296.0 625.67 56
15 321.0 538.0 57
132 302.0 471.5 57
133 272.67 330.0 57
134 267.5 292.5 57
132 302.0 471.5 58
12 283.0 405.0 58
125 248.5 226.0 58
133 272.67 330.0 58
125 248.5 226.0 59
10 214.0 47.0 59
134 267.5 292.5 59
133 272.67 330.0 59
15 321.0 538.0 60
135 316.0 584.5 60
136 305.0 524.67 60
132 302.0 471.5 60
135 316.0 584.5 61
14 311.0 631.0 61
131 297.0 518.0 61
136 305.0 524.67 61
131 297.0 518.0 62
12 283.0 405.0 62
132 302.0 471.5 62
136 305.0 524.67 62
15 321.0 538.0 63
137 307.5 689.5 63
138 308.67 670.0 63
135 316.0 584.5 63
137 307.5 689.5 64
13 294.0 841.0 64
129 302.5 736.0 64
138 308.67 670.0 64
129 302.5 736.0 65
14 311.0 631.0 65
135 316.0 584.5 65
138 308.67 670.0 65
16 331.0 105.0 66
139 326.0 321.5 66
140 288.67 230.0 66
141 272.5 76.0 66
139 326.0 321.5 67
15 321.0 538.0 67
134 267.5 292.5 67
140 288.67 230.0 67
134 267.5 292.5 68
10 214.0 47.0 68
141 272.5 76.0 68
140 288.67 230.0 68
17 342.0 267.0 69
142 331.5 402.5 69
143 331.33 303.33 69
144 336.5 186.0 69
142 331.5 402.5 70
15 321.0 538.0 70
139 326.0 321.5 70
143 331.33 303.33 70
139 326.0 321.5 71
16 331.0 105.0 71
144 336.5 186.0 71
143 331.33 303.33 71
18 362.0 232.0 72
145 352.0 249.5 72
146 345.0 201.33 72
147 346.5 168.5 72
145 352.0 249.5 73
17 342.0 267.0 73
144 336.5 186.0 73
146 345.0 201.33 73
144 336.5 186.0 74
16 331.0 105.0 74
147 346.5 168.5 74
146 345.0 201.33 74
18 362.0 232.0 75
148 341.5 385.0 75
149 341.67 345.67 75
145 352.0 249.5 75
148 341.5 385.0 76
15 321.0 538.0 76
142 331.5 402.5 76
149 341.67 345.67 76
142 331.5 402.5 77
17 342.0 267.0 77
145 352.0 249.5 77
149 341.67 345.67 77
18 362.0 232.0 78
150 328.0 536.5 78
151 325.67 537.0 78
148 341.5 385.0 78
150 328.0 536.5 79
13 294.0 841.0 79
137 307.5 689.5 79
151 325.67 537.0 79
137 307.5 689.5 80
15 321.0 538.0 80
148 341.5 385.0 80
151 325.67 537.0 80
19 366.0 753.0 81
152 330.0 797.0 81
153 340.67 608.67 81
154 364.0 492.5 81
152 330.0 797.0 82
13 294.0 841.0 82
150 328.0 536.5 82
153 340.67 608.67 82
150 328.0 536.5 83
18 362.0 232.0 83
154 364.0 492.5 83
153 340.67 608.67 83
19 366.0 753.0 84
155 308.0 826.5 84
156 303.33 831.33 84
152 330.0 797.0 84
155 308.0 826.5 85
11 250.0 900.0 85
126 272.0 870.5 85
156 303.33 831.33 85
126 272.0 870.5 86
13 294.0 841.0 86
152 330.0 797.0 86
156 303.33 831.33 86
20 386.0 261.0 87
157 374.0 246.5 87
158 359.67 199.33 87
159 358.5 183.0 87
157 374.0 246.5 88
18 362.0 232.0 88
147 346.5 168.5 88
158 359.67 199.33 88
147 346.5 168.5 89
16 331.0 105.0 89
159 358.5 183.0 89
158 359.67 199.33 89
20 386.0 261.0 90
160 376.0 507.0 90
161 371.33 415.33 90
157 374.0 246.5 90
160 376.0 507.0 91
19 366.0 753.0 91
154 364.0 492.5 91
161 371.33 415.33 91
154 364.0 492.5 92
18 362.0 232.0 92
157 374.0 246.5 92
161 371.33 415.33 92
21 408.0 132.0 93
162 369.5 118.5 93
163 317.67 94.67 93
164 311.0 89.5 93
162 369.5 118.5 94
16 331.0 105.0 94
141 272.5 76.0 94
163 317.67 94.67 94
141 272.5 76.0 95
10 214.0 47.0 95
164 311.0 89.5 95
163 317.67 94.67 95
21 408.0 132.0 96
165 397.0 196.5 96
166 375.0 166.0 96
162 369.5 118.5 96
165 397.0 196.5 97
20 386.0 261.0 97
159 358.5 183.0 97
166 375.0 166.0 97
159 358.5 183.0 98
16 331.0 105.0 98
162 369.5 118.5 98
166 375.0 166.0 98
21 408.0 132.0 99
167 387.0 442.5 99
168 386.67 382.0 99
165 397.0 196.5 99
167 387.0 442.5 100
19 366.0 753.0 100
160 376.0 507.0 100
168 386.67 382.0 100
160 376.0 507.0 101
20 386.0 261.0 101
165 397.0 196.5 101
168 386.67 382.0 101
22 424.0 676.0 102
169 395.0 714.5 102
170 399.33 520.33 102
171 416.0 404.0 102
169 395.0 714.5 103
19 366.0 753.0 103
167 387.0 442.5 103
170 399.33 520.33 103
167 387.0 442.5 104
21 408.0 132.0 104
171 416.0 404.0 104
170 399.33 520.33 104
23 447.0 768.0 105
172 435.5 722.0 105
173 426.33 525.33 105
174 427.5 450.0 105
172 435.5 722.0 106
22 424.0 676.0 106
171 416.0 404.0 106
173 426.33 525.33 106
171 416.0 404.0 107
21 408.0 132.0 107
174 427.5 450.0 107
173 426.33 525.33 107
23 447.0 768.0 108
175 406.5 760.5 108
176 412.33 732.33 108
172 435.5 722.0 108
175 406.5 760.5 109
19 366.0 753.0 109
169 395.0 714.5 109
176 412.33 732.33 109
169 395.0 714.5 110
22 424.0 676.0 110
172 435.5 722.0 110
176 412.33 732.33 110
23 447.0 768.0 111
177 348.5 834.0 111
178 354.33 807.0 111
175 406.5 760.5 111
177 348.5 834.0 112
11 250.0 900.0 112
155 308.0 826.5 112
178 354.33 807.0 112
155 308.0 826.5 113
19 366.0 753.0 113
175 406.5 760.5 113
178 354.33 807.0 113
24 456.0 249.0 114
179 451.5 508.5 114
180 437.0 383.0 114
181 432.0 190.5 114
179 451.5 508.5 115
23 447.0 768.0 115
174 427.5 450.0 115
180 437.0 383.0 115
174 427.5 450.0 116
21 408.0 132.0 116
181 432.0 190.5 116
180 437.0 383.0 116
25 504.0 808.0 117
182 475.5 788.0 117
183 469.0 608.33 117
184 480.0 528.5 117
182 475.5 788.0 118
23 447.0 768.0 118
179 451.5 508.5 118
183 469.0 608.33 118
179 451.5 508.5 119
24 456.0 249.0 119
184 480.0 528.5 119
183 469.0 608.33 119
25 504.0 808.0 120
185 377.0 854.0 120
186 400.33 825.33 120
182 475.5 788.0 120
185 377.0 854.0 121
11 250.0 900.0 121
177 348.5 834.0 121
186 400.33 825.33 121
177 348.5 834.0 122
23 447.0 768.0 122
182 475.5 788.0 122
186 400.33 825.33 122
26 520.0 898.0 123
187 512.0 853.0 123
188 493.33 651.67 123
189 488.0 573.5 123
187 512.0 853.0 124
25 504.0 808.0 124
184 480.0 528.5 124
188 493.33 651.67 124
184 480.0 528.5 125
24 456.0 249.0 125
189 488.0 573.5 125
188 493.33 651.67 125
26 520.0 898.0 126
190 385.0 899.0 126
191 424.67 868.67 126
187 512.0 853.0 126
190 385.0 899.0 127
11 250.0 900.0 127
185 377.0 854.0 127
191 424.67 868.67 127
185 377.0 854.0 128
25 504.0 808.0 128
187 512.0 853.0 128
191 424.67 868.67 128
26 520.0 898.0 129
192 287.5 922.5 129
193 275.0 915.0 129
190 385.0 899.0 129
192 287.5 922.5 130
4 55.0 947.0 130
121 152.5 923.5 130
193 275.0 915.0 130
121 152.5 923.5 131
11 250.0 900.0 131
190 385.0 899.0 131
193 275.0 915.0 131
27 520.0 845.0 132
194 520.0 871.5 132
195 498.67 664.0 132
196 488.0 547.0 132
194 520.0 871.5 133
26 520.0 898.0 133
189 488.0 573.5 133
195 498.67 664.0 133
189 488.0 573.5 134
24 456.0 249.0 134
196 488.0 547.0 134
195 498.67 664.0 134
28 521.0 486.0 135
197 520.5 665.5 135
198 499.0 526.67 135
199 488.5 367.5 135
197 520.5 665.5 136
27 520.0 845.0 136
196 488.0 547.0 136
198 499.0 526.67 136
196 488.0 547.0 137
24 456.0 249.0 137
199 488.5 367.5 137
198 499.0 526.67 137
28 521.0 486.0 138
200 520.5 692.0 138
201 520.33 743.0 138
197 520.5 665.5 138
200 520.5 692.0 139
26 520.0 898.0 139
194 520.0 871.5 139
201 520.33 743.0 139
194 520.0 871.5 140
27 520.0 845.0 140
197 520.5 665.5 140
201 520.33 743.0 140
29 548.0 736.0 141
202 534.0 817.0 141
203 529.67 706.67 141
204 534.5 611.0 141
202 534.0 817.0 142
26 520.0 898.0 142
200 520.5 692.0 142
203 529.67 706.67 142
200 520.5 692.0 143
28 521.0 486.0 143
204 534.5 611.0 143
203 529.67 706.67 143
30 562.0 687.0 144
205 555.0 711.5 144
206 543.67 636.33 144
207 541.5 586.5 144
205 555.0 711.5 145
29 548.0 736.0 145
204 534.5 611.0 145
206 543.67 636.33 145
204 534.5 611.0 146
28 521.0 486.0 146
207 541.5 586.5 146
206 543.67 636.33 146
30 562.0 687.0 147
208 541.0 792.5 147
209 543.33 773.67 147
205 555.0 711.5 147
208 541.0 792.5 148
26 520.0 898.0 148
202 534.0 817.0 148
209 543.33 773.67 148
202 534.0 817.0 149
29 548.0 736.0 149
205 555.0 711.5 149
209 543.33 773.67 149
31 571.0 848.0 150
210 545.5 873.0 150
211 551.0 811.0 150
212 566.5 767.5 150
210 545.5 873.0 151
26 520.0 898.0 151
208 541.0 792.5 151
211 551.0 811.0 151
208 541.0 792.5 152
30 562.0 687.0 152
212 566.5 767.5 152
211 551.0 811.0 152
32 572.0 825.0 153
213 571.5 836.5 153
214 568.33 786.67 153
215 567.0 756.0 153
213 571.5 836.5 154
31 571.0 848.0 154
212 566.5 767.5 154
214 568.33 786.67 154
212 566.5 767.5 155
30 562.0 687.0 155
215 567.0 756.0 155
214 568.33 786.67 155
33 572.0 558.0 156
216 546.5 522.0 156
217 516.33 431.0 156
218 514.0 403.5 156
216 546.5 522.0 157
28 521.0 486.0 157
199 488.5 367.5 157
217 516.33 431.0 157
199 488.5 367.5 158
24 456.0 249.0 158
218 514.0 403.5 158
217 516.33 431.0 158
33 572.0 558.0 159
219 567.0 622.5 159
220 551.67 577.0 159
216 546.5 522.0 159
219 567.0 622.5 160
30 562.0 687.0 160
207 541.5 586.5 160
220 551.67 577.0 160
207 541.5 586.5 161
28 521.0 486.0 161
216 546.5 522.0 161
220 551.67 577.0 161
33 572.0 558.0 162
221 572.0 691.5 162
222 568.67 690.0 162
219 567.0 622.5 162
221 572.0 691.5 163
32 572.0 825.0 163
215 567.0 756.0 163
222 568.67 690.0 163
215 567.0 756.0 164
30 562.0 687.0 164
219 567.0 622.5 164
222 568.67 690.0 164
34 583.0 763.0 165
223 577.5 794.0 165
224 575.67 715.33 165
225 577.5 660.5 165
223 577.5 794.0 166
32 572.0 825.0 166
221 572.0 691.5 166
224 575.67 715.33 166
221 572.0 691.5 167
33 572.0 558.0 167
225 577.5 660.5 167
224 575.67 715.33 167
34 583.0 763.0 168
226 577.0 805.5 168
227 575.33 812.0 168
223 577.5 794.0 168
226 577.0 805.5 169
31 571.0 848.0 169
213 571.5 836.5 169
227 575.33 812.0 169
213 571.5 836.5 170
32 572.0 825.0 170
223 577.5 794.0 170
227 575.33 812.0 170
35 591.0 463.0 171
228 523.5 356.0 171
229 485.0 281.33 171
230 499.5 297.5 171
228 523.5 356.0 172
24 456.0 249.0 172
181 432.0 190.5 172
229 485.0 281.33 172
181 432.0 190.5 173
21 408.0 132.0 173
230 499.5 297.5 173
229 485.0 281.33 173
35 591.0 463.0 174
231 581.5 510.5 174
232 539.67 423.33 174
228 523.5 356.0 174
231 581.5 510.5 175
33 572.0 558.0 175
218 514.0 403.5 175
232 539.67 423.33 175
218 514.0 403.5 176
24 456.0 249.0 176
228 523.5 356.0 176
232 539.67 423.33 176
35 591.0 463.0 177
233 587.0 613.0 177
234 582.0 594.67 177
231 581.5 510.5 177
233 587.0 613.0 178
34 583.0 763.0 178
225 577.5 660.5 178
234 582.0 594.67 178
225 577.5 660.5 179
33 572.0 558.0 179
231 581.5 510.5 179
234 582.0 594.67 179
36 608.0 965.0 180
235 595.5 864.0 180
236 594.0 730.33 180
237 599.5 714.0 180
235 595.5 864.0 181
34 583.0 763.0 181
233 587.0 613.0 181
236 594.0 730.33 181
233 587.0 613.0 182
35 591.0 463.0 182
237 599.5 714.0 182
236 594.0 730.33 182
36 608.0 965.0 183
238 589.5 906.5 183
239 587.33 858.67 183
235 595.5 864.0 183
238 589.5 906.5 184
31 571.0 848.0 184
226 577.0 805.5 184
239 587.33 858.67 184
226 577.0 805.5 185
34 583.0 763.0 185
235 595.5 864.0 185
239 587.33 858.67 185
36 608.0 965.0 186
240 564.0 931.5 186
241 566.33 903.67 186
238 589.5 906.5 186
240 564.0 931.5 187
26 520.0 898.0 187
210 545.5 873.0 187
241 566.33 903.67 187
210 545.5 873.0 188
31 571.0 848.0 188
238 589.5 906.5 188
241 566.33 903.67 188
36 608.0 965.0 189
242 331.5 956.0 189
243 394.33 936.67 189
240 564.0 931.5 189
242 331.5 956.0 190
4 55.0 947.0 190
192 287.5 922.5 190
243 394.33 936.67 190
192 287.5 922.5 191
26 520.0 898.0 191
240 564.0 931.5 191
243 394.33 936.67 191
37 616.0 986.0 192
244 612.0 975.5 192
245 605.0 804.67 192
246 603.5 724.5 192
244 612.0 975.5 193
36 608.0 965.0 193
237 599.5 714.0 193
245 605.0 804.67 193
237 599.5 714.0 194
35 591.0 463.0 194
246 603.5 724.5 194
245 605.0 804.67 194
37 616.0 986.0 195
247 335.5 966.5 195
248 426.33 966.0 195
244 612.0 975.5 195
247 335.5 966.5 196
4 55.0 947.0 196
242 331.5 956.0 196
248 426.33 966.0 196
242 331.5 956.0 197
36 608.0 965.0 197
244 612.0 975.5 197
248 426.33 966.0 197
38 617.0 438.0 198
249 604.0 450.5 198
250 538.67 344.33 198
251 512.5 285.0 198
249 604.0 450.5 199
35 591.0 463.0 199
230 499.5 297.5 199
250 538.67 344.33 199
230 499.5 297.5 200
21 408.0 132.0 200
251 512.5 285.0 200
250 538.67 344.33 200
38 617.0 438.0 201
252 616.5 712.0 201
253 608.0 629.0 201
249 604.0 450.5 201
252 616.5 712.0 202
37 616.0 986.0 202
246 603.5 724.5 202
253 608.0 629.0 202
246 603.5 724.5 203
35 591.0 463.0 203
249 604.0 450.5 203
253 608.0 629.0 203
39 629.0 706.0 204
254 622.5 846.0 204
255 620.67 710.0 204
256 623.0 572.0 204
254 622.5 846.0 205
37 616.0 986.0 205
252 616.5 712.0 205
255 620.67 710.0 205
252 616.5 712.0 206
38 617.0 438.0 206
256 623.0 572.0 206
255 620.67 710.0 206
40 629.0 552.0 207
257 629.0 629.0 207
258 625.0 565.33 207
259 623.0 495.0 207
257 629.0 629.0 208
39 629.0 706.0 208
256 623.0 572.0 208
258 625.0 565.33 208
256 623.0 572.0 209
38 617.0 438.0 209
259 623.0 495.0 209
258 625.0 565.33 209
41 639.0 299.0 210
260 628.0 368.5 210
261 554.67 289.67 210
262 523.5 215.5 210
260 628.0 368.5 211
38 617.0 438.0 211
251 512.5 285.0 211
261 554.67 289.67 211
251 512.5 285.0 212
21 408.0 132.0 212
262 523.5 215.5 212
261 554.67 289.67 212
41 639.0 299.0 213
263 634.0 425.5 213
264 628.33 429.67 213
260 628.0 368.5 213
263 634.0 425.5 214
40 629.0 552.0 214
259 623.0 495.0 214
264 628.33 429.67 214
259 623.0 495.0 215
38 617.0 438.0 215
260 628.0 368.5 215
264 628.33 429.67 215
41 639.0 299.0 216
265 634.0 502.5 216
266 632.33 519.0 216
263 634.0 425.5 216
265 634.0 502.5 217
39 629.0 706.0 217
257 629.0 629.0 217
266 632.33 519.0 217
257 629.0 629.0 218
40 629.0 552.0 218
263 634.0 425.5 218
266 632.33 519.0 218
42 640.0 717.0 219
267 634.5 711.5 219
268 636.0 574.0 219
269 639.5 508.0 219
267 634.5 711.5 220
39 629.0 706.0 220
265 634.0 502.5 220
268 636.0 574.0 220
265 634.0 502.5 221
41 639.0 299.0 221
269 639.5 508.0 221
268 636.0 574.0 221
42 640.0 717.0 222
270 628.0 851.5 222
271 628.33 803.0 222
267 634.5 711.5 222
270 628.0 851.5 223
37 616.0 986.0 223
254 622.5 846.0 223
271 628.33 803.0 223
254 622.5 846.0 224
39 629.0 706.0 224
267 634.5 711.5 224
271 628.33 803.0 224
43 644.0 407.0 225
272 642.0 562.0 225
273 641.0 474.33 225
274 641.5 353.0 225
272 642.0 562.0 226
42 640.0 717.0 226
269 639.5 508.0 226
273 641.0 474.33 226
269 639.5 508.0 227
41 639.0 299.0 227
274 641.5 353.0 227
273 641.0 474.33 227
44 647.0 810.0 228
275 643.5 763.5 228
276 643.67 644.67 228
277 645.5 608.5 228
275 643.5 763.5 229
42 640.0 717.0 229
272 642.0 562.0 229
276 643.67 644.67 229
272 642.0 562.0 230
43 644.0 407.0 230
277 645.5 608.5 230
276 643.67 644.67 230
44 647.0 810.0 231
278 631.5 898.0 231
279 634.33 837.67 231
275 643.5 763.5 231
278 631.5 898.0 232
37 616.0 986.0 232
270 628.0 851.5 232
279 634.33 837.67 232
270 628.0 851.5 233
42 640.0 717.0 233
275 643.5 763.5 233
279 634.33 837.67 233
45 650.0 754.0 234
280 648.5 782.0 234
281 647.0 657.0 234
282 647.0 580.5 234
280 648.5 782.0 235
44 647.0 810.0 235
277 645.5 608.5 235
281 647.0 657.0 235
277 645.5 608.5 236
43 644.0 407.0 236
282 647.0 580.5 236
281 647.0 657.0 236
46 660.0 515.0 237
283 652.0 461.0 237
284 647.67 407.0 237
285 649.5 407.0 237
283 652.0 461.0 238
43 644.0 407.0 238
274 641.5 353.0 238
284 647.67 407.0 238
274 641.5 353.0 239
41 639.0 299.0 239
285 649.5 407.0 239
284 647.67 407.0 239
46 660.0 515.0 240
286 655.0 634.5 240
287 651.33 558.67 240
283 652.0 461.0 240
286 655.0 634.5 241
45 650.0 754.0 241
282 647.0 580.5 241
287 651.33 558.67 241
282 647.0 580.5 242
43 644.0 407.0 242
283 652.0 461.0 242
287 651.33 558.67 242
47 660.0 942.0 243
288 655.0 848.0 243
289 656.67 737.0 243
290 660.0 728.5 243
288 655.0 848.0 244
45 650.0 754.0 244
286 655.0 634.5 244
289 656.67 737.0 244
286 655.0 634.5 245
46 660.0 515.0 245
290 660.0 728.5 245
289 656.67 737.0 245
47 660.0 942.0 246
291 653.5 876.0 246
292 652.33 835.33 246
288 655.0 848.0 246
291 653.5 876.0 247
44 647.0 810.0 247
280 648.5 782.0 247
292 652.33 835.33 247
280 648.5 782.0 248
45 650.0 754.0 248
288 655.0 848.0 248
292 652.33 835.33 248
47 660.0 942.0 249
293 638.0 964.0 249
294 641.0 912.67 249
291 653.5 876.0 249
293 638.0 964.0 250
37 616.0 986.0 250
278 631.5 898.0 250
294 641.0 912.67 250
278 631.5 898.0 251
44 647.0 810.0 251
291 653.5 876.0 251
294 641.0 912.67 251
48 666.0 380.0 252
295 663.0 447.5 252
296 655.0 398.0 252
297 652.5 339.5 252
295 663.0 447.5 253
46 660.0 515.0 253
285 649.5 407.0 253
296 655.0 398.0 253
285 649.5 407.0 254
41 639.0 299.0 254
297 652.5 339.5 254
296 655.0 398.0 254
48 666.0 380.0 255
298 663.0 661.0 255
299 662.0 612.33 255
295 663.0 447.5 255
298 663.0 661.0 256
47 660.0 942.0 256
290 660.0 728.5 256
299 662.0 612.33 256
290 660.0 728.5 257
46 660.0 515.0 257
295 663.0 447.5 257
299 662.0 612.33 257
49 691.0 283.0 258
300 665.0 291.0 258
301 579.33 238.0 258
302 549.5 207.5 258
300 665.0 291.0 259
41 639.0 299.0 259
262 523.5 215.5 259
301 579.33 238.0 259
262 523.5 215.5 260
21 408.0 132.0 260
302 549.5 207.5 260
301 579.33 238.0 260
49 691.0 283.0 261
303 678.5 331.5 261
304 665.33 320.67 261
300 665.0 291.0 261
303 678.5 331.5 262
48 666.0 380.0 262
297 652.5 339.5 262
304 665.33 320.67 262
297 652.5 339.5 263
41 639.0 299.0 263
300 665.0 291.0 263
304 665.33 320.67 263
49 691.0 283.0 264
305 675.5 612.5 264
306 672.33 535.0 264
303 678.5 331.5 264
305 675.5 612.5 265
47 660.0 942.0 265
298 663.0 661.0 265
306 672.33 535.0 265
298 663.0 661.0 266
48 666.0 380.0 266
303 678.5 331.5 266
306 672.33 535.0 266
50 695.0 220.0 267
307 551.5 176.0 267
308 439.0 133.0 267
309 454.5 133.5 267
307 551.5 176.0 268
21 408.0 132.0 268
164 311.0 89.5 268
308 439.0 133.0 268
164 311.0 89.5 269
10 214.0 47.0 269
309 454.5 133.5 269
308 439.0 133.0 269
50 695.0 220.0 270
310 693.0 251.5 270
311 598.0 211.67 270
307 551.5 176.0 270
310 693.0 251.5 271
49 691.0 283.0 271
302 549.5 207.5 271
311 598.0 211.67 271
302 549.5 207.5 272
21 408.0 132.0 272
307 551.5 176.0 272
311 598.0 211.67 272
50 695.0 220.0 273
312 677.5 581.0 273
313 682.0 481.67 273
310 693.0 251.5 273
312 677.5 581.0 274
47 660.0 942.0 274
305 675.5 612.5 274
313 682.0 481.67 274
305 675.5 612.5 275
49 691.0 283.0 275
310 693.0 251.5 275
313 682.0 481.67 275
51 698.0 918.0 276
314 679.0 930.0 276
315 684.33 693.33 276
316 696.5 569.0 276
314 679.0 930.0 277
47 660.0 942.0 277
312 677.5 581.0 277
315 684.33 693.33 277
312 677.5 581.0 278
50 695.0 220.0 278
316 696.5 569.0 278
315 684.33 693.33 278
51 698.0 918.0 279
317 657.0 952.0 279
318 658.0 948.67 279
314 679.0 930.0 279
317 657.0 952.0 280
37 616.0 986.0 280
293 638.0 964.0 280
318 658.0 948.67 280
293 638.0 964.0 281
47 660.0 942.0 281
314 679.0 930.0 281
318 658.0 948.67 281
52 708.0 195.0 282
319 701.5 207.5 282
320 539.0 154.0 282
321 461.0 121.0 282
319 701.5 207.5 283
50 695.0 220.0 283
309 454.5 133.5 283
320 539.0 154.0 283
309 454.5 133.5 284
10 214.0 47.0 284
321 461.0 121.0 284
320 539.0 154.0 284
52 708.0 195.0 285
322 703.0 556.5 285
323 700.33 444.33 285
319 701.5 207.5 285
322 703.0 556.5 286
51 698.0 918.0 286
316 696.5 569.0 286
323 700.33 444.33 286
316 696.5 569.0 287
50 695.0 220.0 287
319 701.5 207.5 287
323 700.33 444.33 287
53 708.0 589.0 288
324 703.0 753.5 288
325 704.67 567.33 288
326 708.0 392.0 288
324 703.0 753.5 289
51 698.0 918.0 289
322 703.0 556.5 289
325 704.67 567.33 289
322 703.0 556.5 290
52 708.0 195.0 290
326 708.0 392.0 290
325 704.67 567.33 290
54 710.0 291.0 291
327 709.0 440.0 291
328 708.67 358.33 291
329 709.0 243.0 291
327 709.0 440.0 292
53 708.0 589.0 292
326 708.0 392.0 292
328 708.67 358.33 292
326 708.0 392.0 293
52 708.0 195.0 293
329 709.0 243.0 293
328 708.67 358.33 293
55 713.0 824.0 294
330 710.5 706.5 294
331 710.33 568.0 294
332 711.5 557.5 294
330 710.5 706.5 295
53 708.0 589.0 295
327 709.0 440.0 295
331 710.33 568.0 295
327 709.0 440.0 296
54 710.0 291.0 296
332 711.5 557.5 296
331 710.33 568.0 296
55 713.0 824.0 297
333 705.5 871.0 297
334 706.33 777.0 297
330 710.5 706.5 297
333 705.5 871.0 298
51 698.0 918.0 298
324 703.0 753.5 298
334 706.33 777.0 298
324 703.0 753.5 299
53 708.0 589.0 299
330 710.5 706.5 299
334 706.33 777.0 299
56 719.0 73.0 300
335 713.5 134.0 300
336 547.0 105.0 300
337 466.5 60.0 300
335 713.5 134.0 301
52 708.0 195.0 301
321 461.0 121.0 301
336 547.0 105.0 301
321 461.0 121.0 302
10 214.0 47.0 302
337 466.5 60.0 302
336 547.0 105.0 302
56 719.0 73.0 303
338 714.5 182.0 303
339 712.33 186.33 303
335 713.5 134.0 303
338 714.5 182.0 304
54 710.0 291.0 304
329 709.0 243.0 304
339 712.33 186.33 304
329 709.0 243.0 305
52 708.0 195.0 305
335 713.5 134.0 305
339 712.33 186.33 305
56 719.0 73.0 306
340 716.0 448.5 306
341 714.0 396.0 306
338 714.5 182.0 306
340 716.0 448.5 307
55 713.0 824.0 307
332 711.5 557.5 307
341 714.0 396.0 307
332 711.5 557.5 308
54 710.0 291.0 308
338 714.5 182.0 308
341 714.0 396.0 308
57 722.0 527.0 309
342 717.5 675.5 309
343 718.0 474.67 309
344 720.5 300.0 309
342 717.5 675.5 310
55 713.0 824.0 310
340 716.0 448.5 310
343 718.0 474.67 310
340 716.0 448.5 311
56 719.0 73.0 311
344 720.5 300.0 311
343 718.0 474.67 311
58 756.0 102.0 312
345 739.0 314.5 312
346 732.33 234.0 312
347 737.5 87.5 312
345 739.0 314.5 313
57 722.0 527.0 313
344 720.5 300.0 313
346 732.33 234.0 313
344 720.5 300.0 314
56 719.0 73.0 314
347 737.5 87.5 314
346 732.33 234.0 314
58 756.0 102.0 315
348 734.5 463.0 315
349 730.33 484.33 315
345 739.0 314.5 315
348 734.5 463.0 316
55 713.0 824.0 316
342 717.5 675.5 316
349 730.33 484.33 316
342 717.5 675.5 317
57 722.0 527.0 317
345 739.0 314.5 317
349 730.33 484.33 317
59 767.0 131.0 318
350 740.0 477.5 318
351 745.33 352.33 318
352 761.5 116.5 318
350 740.0 477.5 319
55 713.0 824.0 319
348 734.5 463.0 319
351 745.33 352.33 319
348 734.5 463.0 320
58 756.0 102.0 320
352 761.5 116.5 320
351 745.33 352.33 320
60 780.0 270.0 321
353 746.5 547.0 321
354 753.33 408.33 321
355 773.5 200.5 321
353 746.5 547.0 322
55 713.0 824.0 322
350 740.0 477.5 322
354 753.33 408.33 322
350 740.0 477.5 323
59 767.0 131.0 323
355 773.5 200.5 323
354 753.33 408.33 323
61 802.0 260.0 324
356 791.0 265.0 324
357 783.0 220.33 324
358 784.5 195.5 324
356 791.0 265.0 325
60 780.0 270.0 325
355 773.5 200.5 325
357 783.0 220.33 325
355 773.5 200.5 326
59 767.0 131.0 326
358 784.5 195.5 326
357 783.0 220.33 326
61 802.0 260.0 327
359 757.5 542.0 327
360 765.0 451.33 327
356 791.0 265.0 327
359 757.5 542.0 328
55 713.0 824.0 328
353 746.5 547.0 328
360 765.0 451.33 328
353 746.5 547.0 329
60 780.0 270.0 329
356 791.0 265.0 329
360 765.0 451.33 329
62 819.0 788.0 330
361 766.0 806.0 330
362 778.0 624.0 330
363 810.5 524.0 330
361 766.0 806.0 331
55 713.0 824.0 331
359 757.5 542.0 331
362 778.0 624.0 331
359 757.5 542.0 332
61 802.0 260.0 332
363 810.5 524.0 332
362 778.0 624.0 332
62 819.0 788.0 333
364 758.5 853.0 333
365 743.33 843.33 333
361 766.0 806.0 333
364 758.5 853.0 334
51 698.0 918.0 334
333 705.5 871.0 334
365 743.33 843.33 334
333 705.5 871.0 335
55 713.0 824.0 335
361 766.0 806.0 335
365 743.33 843.33 335
63 828.0 237.0 336
366 797.5 184.0 336
367 783.67 156.67 336
368 792.0 169.5 336
366 797.5 184.0 337
59 767.0 131.0 337
352 761.5 116.5 337
367 783.67 156.67 337
352 761.5 116.5 338
58 756.0 102.0 338
368 792.0 169.5 338
367 783.67 156.67 338
63 828.0 237.0 339
369 815.0 248.5 339
370 799.0 209.33 339
366 797.5 184.0 339
369 815.0 248.5 340
61 802.0 260.0 340
358 784.5 195.5 340
370 799.0 209.33 340
358 784.5 195.5 341
59 767.0 131.0 341
366 797.5 184.0 341
370 799.0 209.33 341
63 828.0 237.0 342
371 823.5 512.5 342
372 816.33 428.33 342
369 815.0 248.5 342
371 823.5 512.5 343
62 819.0 788.0 343
363 810.5 524.0 343
372 816.33 428.33 343
363 810.5 524.0 344
61 802.0 260.0 344
369 815.0 248.5 344
372 816.33 428.33 344
64 834.0 374.0 345
373 826.5 581.0 345
374 827.0 466.33 345
375 831.0 305.5 345
373 826.5 581.0 346
62 819.0 788.0 346
371 823.5 512.5 346
374 827.0 466.33 346
371 823.5 512.5 347
63 828.0 237.0 347
375 831.0 305.5 347
374 827.0 466.33 347
65 859.0 481.0 348
376 846.5 427.5 348
377 840.33 364.0 348
378 843.5 359.0 348
376 846.5 427.5 349
64 834.0 374.0 349
375 831.0 305.5 349
377 840.33 364.0 349
375 831.0 305.5 350
63 828.0 237.0 350
378 843.5 359.0 350
377 840.33 364.0 350
65 859.0 481.0 351
379 839.0 634.5 351
380 837.33 547.67 351
376 846.5 427.5 351
379 839.0 634.5 352
62 819.0 788.0 352
373 826.5 581.0 352
380 837.33 547.67 352
373 826.5 581.0 353
64 834.0 374.0 353
376 846.5 427.5 353
380 837.33 547.67 353
66 863.0 784.0 354
381 841.0 786.0 354
382 847.0 684.33 354
383 861.0 632.5 354
381 841.0 786.0 355
62 819.0 788.0 355
379 839.0 634.5 355
382 847.0 684.33 355
379 839.0 634.5 356
65 859.0 481.0 356
383 861.0 632.5 356
382 847.0 684.33 356
66 863.0 784.0 357
384 780.5 851.0 357
385 793.33 830.0 357
381 841.0 786.0 357
384 780.5 851.0 358
51 698.0 918.0 358
364 758.5 853.0 358
385 793.33 830.0 358
364 758.5 853.0 359
62 819.0 788.0 359
381 841.0 786.0 359
385 793.33 830.0 359
66 863.0 784.0 360
386 739.5 885.0 360
387 725.67 896.0 360
384 780.5 851.0 360
386 739.5 885.0 361
37 616.0 986.0 361
317 657.0 952.0 361
387 725.67 896.0 361
317 657.0 952.0 362
51 698.0 918.0 362
384 780.5 851.0 362
387 725.67 896.0 362
67 866.0 651.0 363
388 864.5 717.5 363
389 862.67 638.67 363
390 862.5 566.0 363
388 864.5 717.5 364
66 863.0 784.0 364
383 861.0 632.5 364
389 862.67 638.67 364
383 861.0 632.5 365
65 859.0 481.0 365
390 862.5 566.0 365
389 862.67 638.67 365
68 887.0 300.0 366
391 857.5 268.5 366
392 823.67 213.0 366
393 821.5 201.0 366
391 857.5 268.5 367
63 828.0 237.0 367
368 792.0 169.5 367
392 823.67 213.0 367
368 792.0 169.5 368
58 756.0 102.0 368
393 821.5 201.0 368
392 823.67 213.0 368
68 887.0 300.0 369
394 873.0 390.5 369
395 858.0 339.33 369
391 857.5 268.5 369
394 873.0 390.5 370
65 859.0 481.0 370
378 843.5 359.0 370
395 858.0 339.33 370
378 843.5 359.0 371
63 828.0 237.0 371
391 857.5 268.5 371
395 858.0 339.33 371
68 887.0 300.0 372
396 876.5 475.5 372
397 870.67 477.33 372
394 873.0 390.5 372
396 876.5 475.5 373
67 866.0 651.0 373
390 862.5 566.0 373
397 870.67 477.33 373
390 862.5 566.0 374
65 859.0 481.0 374
394 873.0 390.5 374
397 870.67 477.33 374
68 887.0 300.0 375
398 875.0 542.0 375
399 872.0 578.33 375
396 876.5 475.5 375
398 875.0 542.0 376
66 863.0 784.0 376
388 864.5 717.5 376
399 872.0 578.33 376
388 864.5 717.5 377
67 866.0 651.0 377
396 876.5 475.5 377
399 872.0 578.33 377
69 889.0 709.0 378
400 876.0 746.5 378
401 879.67 597.67 378
402 888.0 504.5 378
400 876.0 746.5 379
66 863.0 784.0 379
398 875.0 542.0 379
401 879.67 597.67 379
398 875.0 542.0 380
68 887.0 300.0 380
402 888.0 504.5 380
401 879.67 597.67 380
70 892.0 522.0 381
403 890.5 615.5 381
404 889.33 510.33 381
405 889.5 411.0 381
403 890.5 615.5 382
69 889.0 709.0 382
402 888.0 504.5 382
404 889.33 510.33 382
402 888.0 504.5 383
68 887.0 300.0 383
405 889.5 411.0 383
404 889.33 510.33 383
71 900.0 755.0 384
406 896.0 638.5 384
407 893.0 525.67 384
408 893.5 527.5 384
406 896.0 638.5 385
70 892.0 522.0 385
405 889.5 411.0 385
407 893.0 525.67 385
405 889.5 411.0 386
68 887.0 300.0 386
408 893.5 527.5 386
407 893.0 525.67 386
71 900.0 755.0 387
409 894.5 732.0 387
410 893.67 662.0 387
406 896.0 638.5 387
409 894.5 732.0 388
69 889.0 709.0 388
403 890.5 615.5 388
410 893.67 662.0 388
403 890.5 615.5 389
70 892.0 522.0 389
406 896.0 638.5 389
410 893.67 662.0 389
71 900.0 755.0 390
411 881.5 769.5 390
412 884.0 749.33 390
409 894.5 732.0 390
411 881.5 769.5 391
66 863.0 784.0 391
400 876.0 746.5 391
412 884.0 749.33 391
400 876.0 746.5 392
69 889.0 709.0 392
409 894.5 732.0 392
412 884.0 749.33 392
71 900.0 755.0 393
413 758.0 870.5 393
414 793.0 841.67 393
411 881.5 769.5 393
413 758.0 870.5 394
37 616.0 986.0 394
386 739.5 885.0 394
414 793.0 841.67 394
386 739.5 885.0 395
66 863.0 784.0 395
411 881.5 769.5 395
414 793.0 841.67 395
72 911.0 576.0 396
415 905.5 665.5 396
416 899.33 543.67 396
417 899.0 438.0 396
415 905.5 665.5 397
71 900.0 755.0 397
408 893.5 527.5 397
416 899.33 543.67 397
408 893.5 527.5 398
68 887.0 300.0 398
417 899.0 438.0 398
416 899.33 543.67 398
73 912.0 107.0 399
418 834.0 104.5 399
419 795.67 94.0 399
420 815.5 90.0 399
418 834.0 104.5 400
58 756.0 102.0 400
347 737.5 87.5 400
419 795.67 94.0 400
347 737.5 87.5 401
56 719.0 73.0 401
420 815.5 90.0 401
419 795.67 94.0 401
73 912.0 107.0 402
421 899.5 203.5 402
422 851.67 169.67 402
418 834.0 104.5 402
421 899.5 203.5 403
68 887.0 300.0 403
393 821.5 201.0 403
422 851.67 169.67 403
393 821.5 201.0 404
58 756.0 102.0 404
418 834.0 104.5 404
422 851.67 169.67 404
73 912.0 107.0 405
423 911.5 341.5 405
424 903.33 327.67 405
421 899.5 203.5 405
423 911.5 341.5 406
72 911.0 576.0 406
417 899.0 438.0 406
424 903.33 327.67 406
417 899.0 438.0 407
68 887.0 300.0 407
421 899.5 203.5 407
424 903.33 327.67 407
74 918.0 725.0 408
425 914.5 650.5 408
426 913.67 469.33 408
427 915.0 416.0 408
425 914.5 650.5 409
72 911.0 576.0 409
423 911.5 341.5 409
426 913.67 469.33 409
423 911.5 341.5 410
73 912.0 107.0 410
427 915.0 416.0 410
426 913.67 469.33 410
74 918.0 725.0 411
428 909.0 740.0 411
429 909.67 685.33 411
425 914.5 650.5 411
428 909.0 740.0 412
71 900.0 755.0 412
415 905.5 665.5 412
429 909.67 685.33 412
415 905.5 665.5 413
72 911.0 576.0 413
425 914.5 650.5 413
429 909.67 685.33 413
75 945.0 617.0 414
430 931.5 671.0 414
431 925.0 483.0 414
432 928.5 362.0 414
430 931.5 671.0 415
74 918.0 725.0 415
427 915.0 416.0 415
431 925.0 483.0 415
427 915.0 416.0 416
73 912.0 107.0 416
432 928.5 362.0 416
431 925.0 483.0 416
76 957.0 865.0 417
433 937.5 795.0 417
434 940.0 735.67 417
435 951.0 741.0 417
433 937.5 795.0 418
74 918.0 725.0 418
430 931.5 671.0 418
434 940.0 735.67 418
430 931.5 671.0 419
75 945.0 617.0 419
435 951.0 741.0 419
434 940.0 735.67 419
76 957.0 865.0 420
436 928.5 810.0 420
437 925.0 781.67 420
433 937.5 795.0 420
436 928.5 810.0 421
71 900.0 755.0 421
428 909.0 740.0 421
437 925.0 781.67 421
428 909.0 740.0 422
74 918.0 725.0 422
433 937.5 795.0 422
437 925.0 781.67 422
76 957.0 865.0 423
438 786.5 925.5 423
439 824.33 868.67 423
436 928.5 810.0 423
438 786.5 925.5 424
37 616.0 986.0 424
413 758.0 870.5 424
439 824.33 868.67 424
413 758.0 870.5 425
71 900.0 755.0 425
436 928.5 810.0 425
439 824.33 868.67 425
77 964.0 369.0 426
440 954.5 493.0 426
441 940.33 364.33 426
442 938.0 238.0 426
440 954.5 493.0 427
75 945.0 617.0 427
432 928.5 362.0 427
441 940.33 364.33 427
432 928.5 362.0 428
73 912.0 107.0 428
442 938.0 238.0 428
441 940.33 364.33 428
77 964.0 369.0 429
443 960.5 617.0 429
444 955.33 617.0 429
440 954.5 493.0 429
443 960.5 617.0 430
76 957.0 865.0 430
435 951.0 741.0 430
444 955.33 617.0 430
435 951.0 741.0 431
75 945.0 617.0 431
440 954.5 493.0 431
444 955.33 617.0 431
78 980.0 877.0 432
445 968.5 871.0 432
446 967.0 703.67 432
447 972.0 623.0 432
445 968.5 871.0 433
76 957.0 865.0 433
443 960.5 617.0 433
446 967.0 703.67 433
443 960.5 617.0 434
77 964.0 369.0 434
447 972.0 623.0 434
446 967.0 703.67 434
78 980.0 877.0 435
448 798.0 931.5 435
449 851.0 909.33 435
445 968.5 871.0 435
448 798.0 931.5 436
37 616.0 986.0 436
438 786.5 925.5 436
449 851.0 909.33 436
438 786.5 925.5 437
76 957.0 865.0 437
445 968.5 871.0 437
449 851.0 909.33 437
79 993.0 633.0 438
450 986.5 755.0 438
451 979.0 626.33 438
452 978.5 501.0 438
450 986.5 755.0 439
78 980.0 877.0 439
447 972.0 623.0 439
451 979.0 626.33 439
447 972.0 623.0 440
77 964.0 369.0 440
452 978.5 501.0 440
451 979.0 626.33 440
