V x y Q
0 17.0 614.0 0
80 23.0 418.0 0
81 40.33 450.67 0
82 46.0 565.0 0
80 23.0 418.0 1
1 29.0 222.0 1
83 52.0 369.0 1
81 40.33 450.67 1
83 52.0 369.0 2
6 75.0 516.0 2
82 46.0 565.0 2
81 40.33 450.67 2
3 50.0 761.0 3
84 49.0 814.5 3
85 38.33 747.67 3
86 33.5 687.5 3
84 49.0 814.5 4
2 48.0 868.0 4
87 32.5 741.0 4
85 38.33 747.67 4
87 32.5 741.0 5
0 17.0 614.0 5
86 33.5 687.5 5
85 38.33 747.67 5
2 48.0 868.0 6
88 60.5 896.5 6
89 58.67 913.33 6
90 51.5 907.5 6
88 60.5 896.5 7
5 73.0 925.0 7
91 64.0 936.0 7
89 58.67 913.33 7
91 64.0 936.0 8
4 55.0 947.0 8
90 51.5 907.5 8
89 58.67 913.33 8
4 55.0 947.0 9
92 36.0 780.5 9
93 40.0 809.67 9
90 51.5 907.5 9
92 36.0 780.5 10
0 17.0 614.0 10
87 32.5 741.0 10
93 40.0 809.67 10
87 32.5 741.0 11
2 48.0 868.0 11
90 51.5 907.5 11
93 40.0 809.67 11
14 311.0 631.0 12
94 180.5 696.0 12
95 126.0 668.67 12
96 164.0 622.5 12
94 180.5 696.0 13
3 50.0 761.0 13
86 33.5 687.5 13
95 126.0 668.67 13
86 33.5 687.5 14
0 17.0 614.0 14
96 164.0 622.5 14
95 126.0 668.67 14
2 48.0 868.0 15
97 149.0 884.0 15
98 123.67 897.67 15
88 60.5 896.5 15
97 149.0 884.0 16
11 250.0 900.0 16
99 161.5 912.5 16
98 123.67 897.67 16
99 161.5 912.5 17
5 73.0 925.0 17
88 60.5 896.5 17
98 123.67 897.67 17
0 17.0 614.0 18
82 46.0 565.0 18
100 134.33 587.0 18
96 164.0 622.5 18
82 46.0 565.0 19
6 75.0 516.0 19
101 193.0 573.5 19
100 134.33 587.0 19
101 193.0 573.5 20
14 311.0 631.0 20
96 164.0 622.5 20
100 134.33 587.0 20
1 29.0 222.0 21
102 63.5 168.5 21
103 85.0 160.0 21
104 78.5 182.5 21
102 63.5 168.5 22
7 98.0 115.0 22
105 113.0 129.0 22
103 85.0 160.0 22
105 113.0 129.0 23
8 128.0 143.0 23
104 78.5 182.5 23
103 85.0 160.0 23
1 29.0 222.0 24
104 78.5 182.5 24
106 146.67 256.67 24
107 156.0 313.5 24
104 78.5 182.5 25
8 128.0 143.0 25
108 205.5 274.0 25
106 146.67 256.67 25
108 205.5 274.0 26
12 283.0 405.0 26
107 156.0 313.5 26
106 146.67 256.67 26
12 283.0 405.0 27
109 179.0 460.5 27
110 129.0 381.0 27
107 156.0 313.5 27
109 179.0 460.5 28
6 75.0 516.0 28
83 52.0 369.0 28
110 129.0 381.0 28
83 52.0 369.0 29
1 29.0 222.0 29
107 156.0 313.5 29
110 129.0 381.0 29
9 202.0 68.0 30
111 165.0 105.5 30
112 142.67 108.67 30
113 150.0 91.5 30
111 165.0 105.5 31
8 128.0 143.0 31
105 113.0 129.0 31
112 142.67 108.67 31
105 113.0 129.0 32
7 98.0 115.0 32
113 150.0 91.5 32
112 142.67 108.67 32
8 128.0 143.0 33
114 235.0 205.0 33
115 251.0 271.67 33
108 205.5 274.0 33
114 235.0 205.0 34
17 342.0 267.0 34
116 312.5 336.0 34
115 251.0 271.67 34
116 312.5 336.0 35
12 283.0 405.0 35
108 205.5 274.0 35
115 251.0 271.67 35
10 214.0 47.0 36
117 208.0 57.5 36
118 171.33 76.67 36
119 156.0 81.0 36
117 208.0 57.5 37
9 202.0 68.0 37
113 150.0 91.5 37
118 171.33 76.67 37
113 150.0 91.5 38
7 98.0 115.0 38
119 156.0 81.0 38
118 171.33 76.67 38
8 128.0 143.0 39
120 229.5 124.0 39
121 267.0 171.67 39
114 235.0 205.0 39
120 229.5 124.0 40
16 331.0 105.0 40
122 336.5 186.0 40
121 267.0 171.67 40
122 336.5 186.0 41
17 342.0 267.0 41
114 235.0 205.0 41
121 267.0 171.67 41
11 250.0 900.0 42
97 149.0 884.0 42
123 116.0 843.0 42
124 150.0 830.5 42
97 149.0 884.0 43
2 48.0 868.0 43
84 49.0 814.5 43
123 116.0 843.0 43
84 49.0 814.5 44
3 50.0 761.0 44
124 150.0 830.5 44
123 116.0 843.0 44
11 250.0 900.0 45
125 152.5 923.5 45
126 126.0 924.0 45
99 161.5 912.5 45
125 152.5 923.5 46
4 55.0 947.0 46
91 64.0 936.0 46
126 126.0 924.0 46
91 64.0 936.0 47
5 73.0 925.0 47
99 161.5 912.5 47
126 126.0 924.0 47
6 75.0 516.0 48
109 179.0 460.5 48
127 226.33 486.33 48
128 198.0 527.0 48
109 179.0 460.5 49
12 283.0 405.0 49
129 302.0 471.5 49
127 226.33 486.33 49
129 302.0 471.5 50
15 321.0 538.0 50
128 198.0 527.0 50
127 226.33 486.33 50
13 294.0 841.0 51
130 272.0 870.5 51
131 198.0 834.0 51
132 172.0 801.0 51
130 272.0 870.5 52
11 250.0 900.0 52
124 150.0 830.5 52
131 198.0 834.0 52
124 150.0 830.5 53
3 50.0 761.0 53
132 172.0 801.0 53
131 198.0 834.0 53
14 311.0 631.0 54
133 302.5 736.0 54
134 218.33 744.33 54
94 180.5 696.0 54
133 302.5 736.0 55
13 294.0 841.0 55
132 172.0 801.0 55
134 218.33 744.33 55
132 172.0 801.0 56
3 50.0 761.0 56
94 180.5 696.0 56
134 218.33 744.33 56
16 331.0 105.0 57
120 229.5 124.0 57
135 220.33 105.33 57
136 266.5 86.5 57
120 229.5 124.0 58
8 128.0 143.0 58
111 165.0 105.5 58
135 220.33 105.33 58
111 165.0 105.5 59
9 202.0 68.0 59
136 266.5 86.5 59
135 220.33 105.33 59
15 321.0 538.0 60
137 316.0 584.5 60
138 235.67 561.67 60
128 198.0 527.0 60
137 316.0 584.5 61
14 311.0 631.0 61
101 193.0 573.5 61
138 235.67 561.67 61
101 193.0 573.5 62
6 75.0 516.0 62
128 198.0 527.0 62
138 235.67 561.67 62
14 311.0 631.0 63
137 316.0 584.5 63
139 352.0 615.0 63
140 367.5 653.5 63
137 316.0 584.5 64
15 321.0 538.0 64
141 372.5 607.0 64
139 352.0 615.0 64
141 372.5 607.0 65
22 424.0 676.0 65
140 367.5 653.5 65
139 352.0 615.0 65
16 331.0 105.0 66
136 266.5 86.5 66
142 249.0 73.33 66
143 272.5 76.0 66
136 266.5 86.5 67
9 202.0 68.0 67
117 208.0 57.5 67
142 249.0 73.33 67
117 208.0 57.5 68
10 214.0 47.0 68
143 272.5 76.0 68
142 249.0 73.33 68
12 283.0 405.0 69
116 312.5 336.0 69
144 337.0 311.0 69
145 334.5 333.0 69
116 312.5 336.0 70
17 342.0 267.0 70
146 364.0 264.0 70
144 337.0 311.0 70
146 364.0 264.0 71
20 386.0 261.0 71
145 334.5 333.0 71
144 337.0 311.0 71
18 362.0 232.0 72
147 352.0 249.5 72
148 345.0 201.33 72
149 346.5 168.5 72
147 352.0 249.5 73
17 342.0 267.0 73
122 336.5 186.0 73
148 345.0 201.33 73
122 336.5 186.0 74
16 331.0 105.0 74
149 346.5 168.5 74
148 345.0 201.33 74
17 342.0 267.0 75
147 352.0 249.5 75
150 363.33 253.33 75
146 364.0 264.0 75
147 352.0 249.5 76
18 362.0 232.0 76
151 374.0 246.5 76
150 363.33 253.33 76
151 374.0 246.5 77
20 386.0 261.0 77
146 364.0 264.0 77
150 363.33 253.33 77
12 283.0 405.0 78
145 334.5 333.0 78
152 396.67 384.0 78
153 402.0 445.5 78
145 334.5 333.0 79
20 386.0 261.0 79
154 453.5 373.5 79
152 396.67 384.0 79
154 453.5 373.5 80
28 521.0 486.0 80
153 402.0 445.5 80
152 396.67 384.0 80
19 366.0 753.0 81
155 330.0 797.0 81
156 323.67 741.67 81
157 338.5 692.0 81
155 330.0 797.0 82
13 294.0 841.0 82
133 302.5 736.0 82
156 323.67 741.67 82
133 302.5 736.0 83
14 311.0 631.0 83
157 338.5 692.0 83
156 323.67 741.67 83
13 294.0 841.0 84
155 330.0 797.0 84
158 369.0 787.33 84
159 370.5 804.5 84
155 330.0 797.0 85
19 366.0 753.0 85
160 406.5 760.5 85
158 369.0 787.33 85
160 406.5 760.5 86
23 447.0 768.0 86
159 370.5 804.5 86
158 369.0 787.33 86
18 362.0 232.0 87
161 385.0 182.0 87
162 408.67 204.33 87
163 409.0 240.5 87
161 385.0 182.0 88
21 408.0 132.0 88
164 432.0 190.5 88
162 408.67 204.33 88
164 432.0 190.5 89
24 456.0 249.0 89
163 409.0 240.5 89
162 408.67 204.33 89
20 386.0 261.0 90
165 421.0 255.0 90
166 454.33 332.0 90
154 453.5 373.5 90
165 421.0 255.0 91
24 456.0 249.0 91
167 488.5 367.5 91
166 454.33 332.0 91
167 488.5 367.5 92
28 521.0 486.0 92
154 453.5 373.5 92
166 454.33 332.0 92
16 331.0 105.0 93
143 272.5 76.0 93
168 421.33 75.0 93
169 525.0 89.0 93
143 272.5 76.0 94
10 214.0 47.0 94
170 466.5 60.0 94
168 421.33 75.0 94
170 466.5 60.0 95
56 719.0 73.0 95
169 525.0 89.0 95
168 421.33 75.0 95
21 408.0 132.0 96
161 385.0 182.0 96
171 367.0 156.33 96
172 369.5 118.5 96
161 385.0 182.0 97
18 362.0 232.0 97
149 346.5 168.5 97
171 367.0 156.33 97
149 346.5 168.5 98
16 331.0 105.0 98
172 369.5 118.5 98
171 367.0 156.33 98
24 456.0 249.0 99
165 421.0 255.0 99
173 401.33 247.33 99
163 409.0 240.5 99
165 421.0 255.0 100
20 386.0 261.0 100
151 374.0 246.5 100
173 401.33 247.33 100
151 374.0 246.5 101
18 362.0 232.0 101
163 409.0 240.5 101
173 401.33 247.33 101
22 424.0 676.0 102
174 395.0 714.5 102
175 367.0 686.67 102
140 367.5 653.5 102
174 395.0 714.5 103
19 366.0 753.0 103
157 338.5 692.0 103
175 367.0 686.67 103
157 338.5 692.0 104
14 311.0 631.0 104
140 367.5 653.5 104
175 367.0 686.67 104
28 521.0 486.0 105
176 472.5 581.0 105
177 422.0 566.67 105
178 421.0 512.0 105
176 472.5 581.0 106
22 424.0 676.0 106
141 372.5 607.0 106
177 422.0 566.67 106
141 372.5 607.0 107
15 321.0 538.0 107
178 421.0 512.0 107
177 422.0 566.67 107
23 447.0 768.0 108
160 406.5 760.5 108
179 412.33 732.33 108
180 435.5 722.0 108
160 406.5 760.5 109
19 366.0 753.0 109
174 395.0 714.5 109
179 412.33 732.33 109
174 395.0 714.5 110
22 424.0 676.0 110
180 435.5 722.0 110
179 412.33 732.33 110
23 447.0 768.0 111
181 483.5 833.0 111
182 420.33 835.67 111
159 370.5 804.5 111
181 483.5 833.0 112
26 520.0 898.0 112
183 407.0 869.5 112
182 420.33 835.67 112
183 407.0 869.5 113
13 294.0 841.0 113
159 370.5 804.5 113
182 420.33 835.67 113
28 521.0 486.0 114
178 421.0 512.0 114
184 375.0 476.33 114
153 402.0 445.5 114
178 421.0 512.0 115
15 321.0 538.0 115
129 302.0 471.5 115
184 375.0 476.33 115
129 302.0 471.5 116
12 283.0 405.0 116
153 402.0 445.5 116
184 375.0 476.33 116
23 447.0 768.0 117
185 497.5 752.0 117
186 499.67 770.67 117
187 475.5 788.0 117
185 497.5 752.0 118
29 548.0 736.0 118
188 526.0 772.0 118
186 499.67 770.67 118
188 526.0 772.0 119
25 504.0 808.0 119
187 475.5 788.0 119
186 499.67 770.67 119
23 447.0 768.0 120
189 483.5 806.5 120
190 495.67 837.0 120
181 483.5 833.0 120
189 483.5 806.5 121
27 520.0 845.0 121
191 520.0 871.5 121
190 495.67 837.0 121
191 520.0 871.5 122
26 520.0 898.0 122
181 483.5 833.0 122
190 495.67 837.0 122
27 520.0 845.0 123
189 483.5 806.5 123
192 490.33 807.0 123
193 512.0 826.5 123
189 483.5 806.5 124
23 447.0 768.0 124
187 475.5 788.0 124
192 490.33 807.0 124
187 475.5 788.0 125
25 504.0 808.0 125
193 512.0 826.5 125
192 490.33 807.0 125
26 520.0 898.0 126
194 385.0 899.0 126
195 354.67 879.67 126
183 407.0 869.5 126
194 385.0 899.0 127
11 250.0 900.0 127
130 272.0 870.5 127
195 354.67 879.67 127
130 272.0 870.5 128
13 294.0 841.0 128
183 407.0 869.5 128
195 354.67 879.67 128
26 520.0 898.0 129
196 568.0 942.0 129
197 462.0 928.0 129
194 385.0 899.0 129
196 568.0 942.0 130
37 616.0 986.0 130
198 433.0 943.0 130
197 462.0 928.0 130
198 433.0 943.0 131
11 250.0 900.0 131
194 385.0 899.0 131
197 462.0 928.0 131
29 548.0 736.0 132
185 497.5 752.0 132
199 473.0 726.67 132
200 486.0 706.0 132
185 497.5 752.0 133
23 447.0 768.0 133
180 435.5 722.0 133
199 473.0 726.67 133
180 435.5 722.0 134
22 424.0 676.0 134
200 486.0 706.0 134
199 473.0 726.67 134
22 424.0 676.0 135
176 472.5 581.0 135
201 505.67 573.33 135
202 498.0 617.0 135
176 472.5 581.0 136
28 521.0 486.0 136
203 546.5 522.0 136
201 505.67 573.33 136
203 546.5 522.0 137
33 572.0 558.0 137
202 498.0 617.0 137
201 505.67 573.33 137
25 504.0 808.0 138
188 526.0 772.0 138
204 545.0 769.0 138
205 543.5 785.5 138
188 526.0 772.0 139
29 548.0 736.0 139
206 565.5 749.5 139
204 545.0 769.0 139
206 565.5 749.5 140
34 583.0 763.0 140
205 543.5 785.5 140
204 545.0 769.0 140
32 572.0 825.0 141
207 546.0 835.0 141
208 532.0 826.0 141
209 538.0 816.5 141
207 546.0 835.0 142
27 520.0 845.0 142
193 512.0 826.5 142
208 532.0 826.0 142
193 512.0 826.5 143
25 504.0 808.0 143
209 538.0 816.5 143
208 532.0 826.0 143
30 562.0 687.0 144
210 555.0 711.5 144
211 511.33 699.67 144
212 493.0 681.5 144
210 555.0 711.5 145
29 548.0 736.0 145
200 486.0 706.0 145
211 511.33 699.67 145
200 486.0 706.0 146
22 424.0 676.0 146
212 493.0 681.5 146
211 511.33 699.67 146
29 548.0 736.0 147
210 555.0 711.5 147
213 564.33 728.67 147
206 565.5 749.5 147
210 555.0 711.5 148
30 562.0 687.0 148
214 572.5 725.0 148
213 564.33 728.67 148
214 572.5 725.0 149
34 583.0 763.0 149
206 565.5 749.5 149
213 564.33 728.67 149
31 571.0 848.0 150
215 545.5 873.0 150
216 537.0 863.67 150
217 545.5 846.5 150
215 545.5 873.0 151
26 520.0 898.0 151
191 520.0 871.5 151
216 537.0 863.67 151
191 520.0 871.5 152
27 520.0 845.0 152
217 545.5 846.5 152
216 537.0 863.67 152
27 520.0 845.0 153
207 546.0 835.0 153
218 554.33 839.33 153
217 545.5 846.5 153
207 546.0 835.0 154
32 572.0 825.0 154
219 571.5 836.5 154
218 554.33 839.33 154
219 571.5 836.5 155
31 571.0 848.0 155
217 545.5 846.5 155
218 554.33 839.33 155
28 521.0 486.0 156
220 556.0 474.5 156
221 561.33 502.33 156
203 546.5 522.0 156
220 556.0 474.5 157
35 591.0 463.0 157
222 581.5 510.5 157
221 561.33 502.33 157
222 581.5 510.5 158
33 572.0 558.0 158
203 546.5 522.0 158
221 561.33 502.33 158
33 572.0 558.0 159
223 567.0 622.5 159
224 519.33 640.33 159
202 498.0 617.0 159
223 567.0 622.5 160
30 562.0 687.0 160
212 493.0 681.5 160
224 519.33 640.33 160
212 493.0 681.5 161
22 424.0 676.0 161
202 498.0 617.0 161
224 519.33 640.33 161
30 562.0 687.0 162
223 567.0 622.5 162
225 587.67 599.0 162
226 595.5 619.5 162
223 567.0 622.5 163
33 572.0 558.0 163
227 600.5 555.0 163
225 587.67 599.0 163
227 600.5 555.0 164
40 629.0 552.0 164
226 595.5 619.5 164
225 587.67 599.0 164
34 583.0 763.0 165
228 577.5 794.0 165
229 553.0 798.67 165
205 543.5 785.5 165
228 577.5 794.0 166
32 572.0 825.0 166
209 538.0 816.5 166
229 553.0 798.67 166
209 538.0 816.5 167
25 504.0 808.0 167
205 543.5 785.5 167
229 553.0 798.67 167
32 572.0 825.0 168
228 577.5 794.0 168
230 600.67 799.33 168
231 609.5 817.5 168
228 577.5 794.0 169
34 583.0 763.0 169
232 615.0 786.5 169
230 600.67 799.33 169
232 615.0 786.5 170
44 647.0 810.0 170
231 609.5 817.5 170
230 600.67 799.33 170
38 617.0 438.0 171
233 569.0 462.0 171
234 531.33 391.0 171
235 536.5 343.5 171
233 569.0 462.0 172
28 521.0 486.0 172
167 488.5 367.5 172
234 531.33 391.0 172
167 488.5 367.5 173
24 456.0 249.0 173
235 536.5 343.5 173
234 531.33 391.0 173
28 521.0 486.0 174
233 569.0 462.0 174
236 576.33 462.33 174
220 556.0 474.5 174
233 569.0 462.0 175
38 617.0 438.0 175
237 604.0 450.5 175
236 576.33 462.33 175
237 604.0 450.5 176
35 591.0 463.0 176
220 556.0 474.5 176
236 576.33 462.33 176
33 572.0 558.0 177
222 581.5 510.5 177
238 597.33 524.33 177
227 600.5 555.0 177
222 581.5 510.5 178
35 591.0 463.0 178
239 610.0 507.5 178
238 597.33 524.33 178
239 610.0 507.5 179
40 629.0 552.0 179
227 600.5 555.0 179
238 597.33 524.33 179
44 647.0 810.0 180
240 609.0 829.0 180
241 596.67 827.67 180
231 609.5 817.5 180
240 609.0 829.0 181
31 571.0 848.0 181
219 571.5 836.5 181
241 596.67 827.67 181
219 571.5 836.5 182
32 572.0 825.0 182
231 609.5 817.5 182
241 596.67 827.67 182
31 571.0 848.0 183
242 615.5 895.0 183
243 613.0 918.33 183
244 589.5 906.5 183
242 615.5 895.0 184
47 660.0 942.0 184
245 634.0 953.5 184
243 613.0 918.33 184
245 634.0 953.5 185
36 608.0 965.0 185
244 589.5 906.5 185
243 613.0 918.33 185
36 608.0 965.0 186
246 564.0 931.5 186
247 566.33 903.67 186
244 589.5 906.5 186
246 564.0 931.5 187
26 520.0 898.0 187
215 545.5 873.0 187
247 566.33 903.67 187
215 545.5 873.0 188
31 571.0 848.0 188
244 589.5 906.5 188
247 566.33 903.67 188
37 616.0 986.0 189
196 568.0 942.0 189
248 581.33 949.67 189
249 612.0 975.5 189
196 568.0 942.0 190
26 520.0 898.0 190
246 564.0 931.5 190
248 581.33 949.67 190
246 564.0 931.5 191
36 608.0 965.0 191
249 612.0 975.5 191
248 581.33 949.67 191
40 629.0 552.0 192
250 629.0 629.0 192
251 606.67 648.33 192
226 595.5 619.5 192
250 629.0 629.0 193
39 629.0 706.0 193
252 595.5 696.5 193
251 606.67 648.33 193
252 595.5 696.5 194
30 562.0 687.0 194
226 595.5 619.5 194
251 606.67 648.33 194
37 616.0 986.0 195
253 335.5 966.5 195
254 307.0 944.33 195
198 433.0 943.0 195
253 335.5 966.5 196
4 55.0 947.0 196
125 152.5 923.5 196
254 307.0 944.33 196
125 152.5 923.5 197
11 250.0 900.0 197
198 433.0 943.0 197
254 307.0 944.33 197
24 456.0 249.0 198
255 547.5 274.0 198
256 570.67 328.67 198
235 536.5 343.5 198
255 547.5 274.0 199
41 639.0 299.0 199
257 628.0 368.5 199
256 570.67 328.67 199
257 628.0 368.5 200
38 617.0 438.0 200
235 536.5 343.5 200
256 570.67 328.67 200
35 591.0 463.0 201
237 604.0 450.5 201
258 622.67 472.0 201
259 625.5 489.0 201
237 604.0 450.5 202
38 617.0 438.0 202
260 638.5 476.5 202
258 622.67 472.0 202
260 638.5 476.5 203
46 660.0 515.0 203
259 625.5 489.0 203
258 622.67 472.0 203
34 583.0 763.0 204
261 606.0 734.5 204
262 617.33 728.67 204
263 611.5 740.0 204
261 606.0 734.5 205
39 629.0 706.0 205
264 634.5 711.5 205
262 617.33 728.67 205
264 634.5 711.5 206
42 640.0 717.0 206
263 611.5 740.0 206
262 617.33 728.67 206
39 629.0 706.0 207
261 606.0 734.5 207
265 591.33 718.67 207
252 595.5 696.5 207
261 606.0 734.5 208
34 583.0 763.0 208
214 572.5 725.0 208
265 591.33 718.67 208
214 572.5 725.0 209
30 562.0 687.0 209
252 595.5 696.5 209
265 591.33 718.67 209
24 456.0 249.0 210
164 432.0 190.5 210
266 519.67 200.33 210
267 575.5 234.5 210
164 432.0 190.5 211
21 408.0 132.0 211
268 551.5 176.0 211
266 519.67 200.33 211
268 551.5 176.0 212
50 695.0 220.0 212
267 575.5 234.5 212
266 519.67 200.33 212
38 617.0 438.0 213
257 628.0 368.5 213
269 633.33 381.33 213
270 630.5 422.5 213
257 628.0 368.5 214
41 639.0 299.0 214
271 641.5 353.0 214
269 633.33 381.33 214
271 641.5 353.0 215
43 644.0 407.0 215
270 630.5 422.5 215
269 633.33 381.33 215
38 617.0 438.0 216
270 630.5 422.5 216
272 640.33 453.33 216
260 638.5 476.5 216
270 630.5 422.5 217
43 644.0 407.0 217
273 652.0 461.0 217
272 640.33 453.33 217
273 652.0 461.0 218
46 660.0 515.0 218
260 638.5 476.5 218
272 640.33 453.33 218
39 629.0 706.0 219
250 629.0 629.0 219
274 655.33 615.67 219
275 668.5 647.5 219
250 629.0 629.0 220
40 629.0 552.0 220
276 668.5 570.5 220
274 655.33 615.67 220
276 668.5 570.5 221
53 708.0 589.0 221
275 668.5 647.5 221
274 655.33 615.67 221
34 583.0 763.0 222
263 611.5 740.0 222
277 624.33 744.67 222
278 616.5 758.5 222
263 611.5 740.0 223
42 640.0 717.0 223
279 645.0 735.5 223
277 624.33 744.67 223
279 645.0 735.5 224
45 650.0 754.0 224
278 616.5 758.5 224
277 624.33 744.67 224
46 660.0 515.0 225
280 644.5 533.5 225
281 626.67 510.0 225
259 625.5 489.0 225
280 644.5 533.5 226
40 629.0 552.0 226
239 610.0 507.5 226
281 626.67 510.0 226
239 610.0 507.5 227
35 591.0 463.0 227
259 625.5 489.0 227
281 626.67 510.0 227
45 650.0 754.0 228
282 648.5 782.0 228
283 626.67 775.67 228
278 616.5 758.5 228
282 648.5 782.0 229
44 647.0 810.0 229
232 615.0 786.5 229
283 626.67 775.67 229
232 615.0 786.5 230
34 583.0 763.0 230
278 616.5 758.5 230
283 626.67 775.67 230
31 571.0 848.0 231
240 609.0 829.0 231
284 626.0 866.67 231
242 615.5 895.0 231
240 609.0 829.0 232
44 647.0 810.0 232
285 653.5 876.0 232
284 626.0 866.67 232
285 653.5 876.0 233
47 660.0 942.0 233
242 615.5 895.0 233
284 626.0 866.67 233
53 708.0 589.0 234
286 674.0 653.0 234
287 659.0 670.67 234
275 668.5 647.5 234
286 674.0 653.0 235
42 640.0 717.0 235
264 634.5 711.5 235
287 659.0 670.67 235
264 634.5 711.5 236
39 629.0 706.0 236
275 668.5 647.5 236
287 659.0 670.67 236
43 644.0 407.0 237
288 655.0 393.5 237
289 677.33 438.0 237
290 683.0 467.0 237
288 655.0 393.5 238
48 666.0 380.0 238
291 694.0 453.5 238
289 677.33 438.0 238
291 694.0 453.5 239
57 722.0 527.0 239
290 683.0 467.0 239
289 677.33 438.0 239
40 629.0 552.0 240
280 644.5 533.5 240
292 665.67 552.0 240
276 668.5 570.5 240
280 644.5 533.5 241
46 660.0 515.0 241
293 684.0 552.0 241
292 665.67 552.0 241
293 684.0 552.0 242
53 708.0 589.0 242
276 668.5 570.5 242
292 665.67 552.0 242
44 647.0 810.0 243
294 680.0 817.0 243
295 686.0 850.67 243
296 672.5 864.0 243
294 680.0 817.0 244
55 713.0 824.0 244
297 705.5 871.0 244
295 686.0 850.67 244
297 705.5 871.0 245
51 698.0 918.0 245
296 672.5 864.0 245
295 686.0 850.67 245
44 647.0 810.0 246
296 672.5 864.0 246
298 668.33 890.0 246
285 653.5 876.0 246
296 672.5 864.0 247
51 698.0 918.0 247
299 679.0 930.0 247
298 668.33 890.0 247
299 679.0 930.0 248
47 660.0 942.0 248
285 653.5 876.0 248
298 668.33 890.0 248
47 660.0 942.0 249
300 638.0 964.0 249
301 628.0 964.33 249
245 634.0 953.5 249
300 638.0 964.0 250
37 616.0 986.0 250
249 612.0 975.5 250
301 628.0 964.33 250
249 612.0 975.5 251
36 608.0 965.0 251
245 634.0 953.5 251
301 628.0 964.33 251
48 666.0 380.0 252
288 655.0 393.5 252
302 649.67 362.0 252
303 652.5 339.5 252
288 655.0 393.5 253
43 644.0 407.0 253
271 641.5 353.0 253
302 649.67 362.0 253
271 641.5 353.0 254
41 639.0 299.0 254
303 652.5 339.5 254
302 649.67 362.0 254
48 666.0 380.0 255
304 688.0 335.5 255
305 718.67 313.67 255
306 723.0 325.0 255
304 688.0 335.5 256
54 710.0 291.0 256
307 745.0 280.5 256
305 718.67 313.67 256
307 745.0 280.5 257
60 780.0 270.0 257
306 723.0 325.0 257
305 718.67 313.67 257
41 639.0 299.0 258
308 667.0 259.5 258
309 675.0 267.33 258
310 665.0 291.0 258
308 667.0 259.5 259
50 695.0 220.0 259
311 693.0 251.5 259
309 675.0 267.33 259
311 693.0 251.5 260
49 691.0 283.0 260
310 665.0 291.0 260
309 675.0 267.33 260
49 691.0 283.0 261
312 678.5 331.5 261
313 665.33 320.67 261
310 665.0 291.0 261
312 678.5 331.5 262
48 666.0 380.0 262
303 652.5 339.5 262
313 665.33 320.67 262
303 652.5 339.5 263
41 639.0 299.0 263
310 665.0 291.0 263
313 665.33 320.67 263
54 710.0 291.0 264
304 688.0 335.5 264
314 689.0 318.0 264
315 700.5 287.0 264
304 688.0 335.5 265
48 666.0 380.0 265
312 678.5 331.5 265
314 689.0 318.0 265
312 678.5 331.5 266
49 691.0 283.0 266
315 700.5 287.0 266
314 689.0 318.0 266
21 408.0 132.0 267
316 558.0 163.5 267
317 603.67 182.33 267
268 551.5 176.0 267
316 558.0 163.5 268
52 708.0 195.0 268
318 701.5 207.5 268
317 603.67 182.33 268
318 701.5 207.5 269
50 695.0 220.0 269
268 551.5 176.0 269
317 603.67 182.33 269
50 695.0 220.0 270
308 667.0 259.5 270
319 596.67 256.0 270
267 575.5 234.5 270
308 667.0 259.5 271
41 639.0 299.0 271
255 547.5 274.0 271
319 596.67 256.0 271
255 547.5 274.0 272
24 456.0 249.0 272
267 575.5 234.5 272
319 596.67 256.0 272
50 695.0 220.0 273
320 702.5 255.5 273
321 698.67 264.67 273
311 693.0 251.5 273
320 702.5 255.5 274
54 710.0 291.0 274
315 700.5 287.0 274
321 698.67 264.67 274
315 700.5 287.0 275
49 691.0 283.0 275
311 693.0 251.5 275
321 698.67 264.67 275
55 713.0 824.0 276
294 680.0 817.0 276
322 670.0 796.0 276
323 681.5 789.0 276
294 680.0 817.0 277
44 647.0 810.0 277
282 648.5 782.0 277
322 670.0 796.0 277
282 648.5 782.0 278
45 650.0 754.0 278
323 681.5 789.0 278
322 670.0 796.0 278
51 698.0 918.0 279
324 657.0 952.0 279
325 658.0 948.67 279
299 679.0 930.0 279
324 657.0 952.0 280
37 616.0 986.0 280
300 638.0 964.0 280
325 658.0 948.67 280
300 638.0 964.0 281
47 660.0 942.0 281
299 679.0 930.0 281
325 658.0 948.67 281
21 408.0 132.0 282
326 563.5 102.5 282
327 611.67 133.33 282
316 558.0 163.5 282
326 563.5 102.5 283
56 719.0 73.0 283
328 713.5 134.0 283
327 611.67 133.33 283
328 713.5 134.0 284
52 708.0 195.0 284
316 558.0 163.5 284
327 611.67 133.33 284
50 695.0 220.0 285
318 701.5 207.5 285
329 727.67 228.33 285
330 737.5 245.0 285
318 701.5 207.5 286
52 708.0 195.0 286
331 744.0 232.5 286
329 727.67 228.33 286
331 744.0 232.5 287
60 780.0 270.0 287
330 737.5 245.0 287
329 727.67 228.33 287
42 640.0 717.0 288
286 674.0 653.0 288
332 722.33 698.0 288
333 729.5 752.5 288
286 674.0 653.0 289
53 708.0 589.0 289
334 763.5 688.5 289
332 722.33 698.0 289
334 763.5 688.5 290
62 819.0 788.0 290
333 729.5 752.5 290
332 722.33 698.0 290
46 660.0 515.0 291
335 691.0 521.0 291
336 696.67 543.67 291
293 684.0 552.0 291
335 691.0 521.0 292
57 722.0 527.0 292
337 715.0 558.0 292
336 696.67 543.67 292
337 715.0 558.0 293
53 708.0 589.0 293
293 684.0 552.0 293
336 696.67 543.67 293
57 722.0 527.0 294
335 691.0 521.0 294
338 675.33 483.0 294
290 683.0 467.0 294
335 691.0 521.0 295
46 660.0 515.0 295
273 652.0 461.0 295
338 675.33 483.0 295
273 652.0 461.0 296
43 644.0 407.0 296
290 683.0 467.0 296
338 675.33 483.0 296
62 819.0 788.0 297
339 734.5 771.0 297
340 703.0 753.0 297
333 729.5 752.5 297
339 734.5 771.0 298
45 650.0 754.0 298
279 645.0 735.5 298
340 703.0 753.0 298
279 645.0 735.5 299
42 640.0 717.0 299
333 729.5 752.5 299
340 703.0 753.0 299
56 719.0 73.0 300
326 563.5 102.5 300
341 486.0 103.33 300
169 525.0 89.0 300
326 563.5 102.5 301
21 408.0 132.0 301
172 369.5 118.5 301
341 486.0 103.33 301
172 369.5 118.5 302
16 331.0 105.0 302
169 525.0 89.0 302
341 486.0 103.33 302
52 708.0 195.0 303
328 713.5 134.0 303
342 727.67 123.33 303
343 732.0 148.5 303
328 713.5 134.0 304
56 719.0 73.0 304
344 737.5 87.5 304
342 727.67 123.33 304
344 737.5 87.5 305
58 756.0 102.0 305
343 732.0 148.5 305
342 727.67 123.33 305
52 708.0 195.0 306
343 732.0 148.5 306
345 743.67 142.67 306
346 737.5 163.0 306
343 732.0 148.5 307
58 756.0 102.0 307
347 761.5 116.5 307
345 743.67 142.67 307
347 761.5 116.5 308
59 767.0 131.0 308
346 737.5 163.0 308
345 743.67 142.67 308
53 708.0 589.0 309
337 715.0 558.0 309
348 765.33 589.0 309
349 787.0 620.0 309
337 715.0 558.0 310
57 722.0 527.0 310
350 794.0 589.0 310
348 765.33 589.0 310
350 794.0 589.0 311
67 866.0 651.0 311
349 787.0 620.0 311
348 765.33 589.0 311
52 708.0 195.0 312
346 737.5 163.0 312
351 767.67 187.67 312
352 768.0 216.0 312
346 737.5 163.0 313
59 767.0 131.0 313
353 797.5 184.0 313
351 767.67 187.67 313
353 797.5 184.0 314
63 828.0 237.0 314
352 768.0 216.0 314
351 767.67 187.67 314
60 780.0 270.0 315
307 745.0 280.5 315
354 728.33 260.33 315
330 737.5 245.0 315
307 745.0 280.5 316
54 710.0 291.0 316
320 702.5 255.5 316
354 728.33 260.33 316
320 702.5 255.5 317
50 695.0 220.0 317
330 737.5 245.0 317
354 728.33 260.33 317
48 666.0 380.0 318
306 723.0 325.0 318
355 760.0 341.33 318
356 750.0 377.0 318
306 723.0 325.0 319
60 780.0 270.0 319
357 807.0 322.0 319
355 760.0 341.33 319
357 807.0 322.0 320
64 834.0 374.0 320
356 750.0 377.0 320
355 760.0 341.33 320
64 834.0 374.0 321
358 778.0 450.5 321
359 740.67 427.0 321
356 750.0 377.0 321
358 778.0 450.5 322
57 722.0 527.0 322
291 694.0 453.5 322
359 740.67 427.0 322
291 694.0 453.5 323
48 666.0 380.0 323
356 750.0 377.0 323
359 740.67 427.0 323
61 802.0 260.0 324
360 791.0 265.0 324
361 763.33 241.67 324
362 755.0 227.5 324
360 791.0 265.0 325
60 780.0 270.0 325
331 744.0 232.5 325
361 763.33 241.67 325
331 744.0 232.5 326
52 708.0 195.0 326
362 755.0 227.5 326
361 763.33 241.67 326
64 834.0 374.0 327
357 807.0 322.0 327
363 805.33 301.33 327
364 818.0 317.0 327
357 807.0 322.0 328
60 780.0 270.0 328
360 791.0 265.0 328
363 805.33 301.33 328
360 791.0 265.0 329
61 802.0 260.0 329
364 818.0 317.0 329
363 805.33 301.33 329
62 819.0 788.0 330
365 766.0 806.0 330
366 727.33 788.67 330
339 734.5 771.0 330
365 766.0 806.0 331
55 713.0 824.0 331
323 681.5 789.0 331
366 727.33 788.67 331
323 681.5 789.0 332
45 650.0 754.0 332
339 734.5 771.0 332
366 727.33 788.67 332
62 819.0 788.0 333
367 758.5 853.0 333
368 743.33 843.33 333
365 766.0 806.0 333
367 758.5 853.0 334
51 698.0 918.0 334
297 705.5 871.0 334
368 743.33 843.33 334
297 705.5 871.0 335
55 713.0 824.0 335
365 766.0 806.0 335
368 743.33 843.33 335
63 828.0 237.0 336
353 797.5 184.0 336
369 835.67 158.33 336
370 870.0 172.0 336
353 797.5 184.0 337
59 767.0 131.0 337
371 839.5 119.0 337
369 835.67 158.33 337
371 839.5 119.0 338
73 912.0 107.0 338
370 870.0 172.0 338
369 835.67 158.33 338
63 828.0 237.0 339
372 815.0 248.5 339
373 779.33 230.67 339
352 768.0 216.0 339
372 815.0 248.5 340
61 802.0 260.0 340
362 755.0 227.5 340
373 779.33 230.67 340
362 755.0 227.5 341
52 708.0 195.0 341
352 768.0 216.0 341
373 779.33 230.67 341
61 802.0 260.0 342
374 844.5 280.0 342
375 841.0 311.33 342
364 818.0 317.0 342
374 844.5 280.0 343
68 887.0 300.0 343
376 860.5 337.0 343
375 841.0 311.33 343
376 860.5 337.0 344
64 834.0 374.0 344
364 818.0 317.0 344
375 841.0 311.33 344
57 722.0 527.0 345
358 778.0 450.5 345
377 805.0 460.67 345
378 790.5 504.0 345
358 778.0 450.5 346
64 834.0 374.0 346
379 846.5 427.5 346
377 805.0 460.67 346
379 846.5 427.5 347
65 859.0 481.0 347
378 790.5 504.0 347
377 805.0 460.67 347
64 834.0 374.0 348
376 860.5 337.0 348
380 895.0 347.67 348
381 899.0 371.5 348
376 860.5 337.0 349
68 887.0 300.0 349
382 925.5 334.5 349
380 895.0 347.67 349
382 925.5 334.5 350
77 964.0 369.0 350
381 899.0 371.5 350
380 895.0 347.67 350
57 722.0 527.0 351
378 790.5 504.0 351
383 824.33 510.0 351
384 807.0 524.5 351
378 790.5 504.0 352
65 859.0 481.0 352
385 875.5 501.5 352
383 824.33 510.0 352
385 875.5 501.5 353
70 892.0 522.0 353
384 807.0 524.5 353
383 824.33 510.0 353
62 819.0 788.0 354
386 842.5 719.5 354
387 858.0 716.0 354
388 854.0 748.5 354
386 842.5 719.5 355
67 866.0 651.0 355
389 877.5 680.0 355
387 858.0 716.0 355
389 877.5 680.0 356
69 889.0 709.0 356
388 854.0 748.5 356
387 858.0 716.0 356
62 819.0 788.0 357
390 841.0 786.0 357
391 879.67 812.33 357
392 888.0 826.5 357
390 841.0 786.0 358
66 863.0 784.0 358
393 910.0 824.5 358
391 879.67 812.33 358
393 910.0 824.5 359
76 957.0 865.0 359
392 888.0 826.5 359
391 879.67 812.33 359
76 957.0 865.0 360
394 827.5 891.5 360
395 824.67 857.0 360
392 888.0 826.5 360
394 827.5 891.5 361
51 698.0 918.0 361
367 758.5 853.0 361
395 824.67 857.0 361
367 758.5 853.0 362
62 819.0 788.0 362
392 888.0 826.5 362
395 824.67 857.0 362
67 866.0 651.0 363
386 842.5 719.5 363
396 797.67 676.0 363
349 787.0 620.0 363
386 842.5 719.5 364
62 819.0 788.0 364
334 763.5 688.5 364
396 797.67 676.0 364
334 763.5 688.5 365
53 708.0 589.0 365
349 787.0 620.0 365
396 797.67 676.0 365
73 912.0 107.0 366
397 899.5 203.5 366
398 875.67 214.67 366
370 870.0 172.0 366
397 899.5 203.5 367
68 887.0 300.0 367
399 857.5 268.5 367
398 875.67 214.67 367
399 857.5 268.5 368
63 828.0 237.0 368
370 870.0 172.0 368
398 875.67 214.67 368
68 887.0 300.0 369
374 844.5 280.0 369
400 839.0 265.67 369
399 857.5 268.5 369
374 844.5 280.0 370
61 802.0 260.0 370
372 815.0 248.5 370
400 839.0 265.67 370
372 815.0 248.5 371
63 828.0 237.0 371
399 857.5 268.5 371
400 839.0 265.67 371
77 964.0 369.0 372
401 911.5 425.0 372
402 885.67 408.0 372
381 899.0 371.5 372
401 911.5 425.0 373
65 859.0 481.0 373
379 846.5 427.5 373
402 885.67 408.0 373
379 846.5 427.5 374
64 834.0 374.0 374
381 899.0 371.5 374
402 885.67 408.0 374
70 892.0 522.0 375
403 879.0 586.5 375
404 826.67 566.67 375
384 807.0 524.5 375
403 879.0 586.5 376
67 866.0 651.0 376
350 794.0 589.0 376
404 826.67 566.67 376
350 794.0 589.0 377
57 722.0 527.0 377
384 807.0 524.5 377
404 826.67 566.67 377
69 889.0 709.0 378
405 876.0 746.5 378
406 857.0 760.33 378
388 854.0 748.5 378
405 876.0 746.5 379
66 863.0 784.0 379
390 841.0 786.0 379
406 857.0 760.33 379
390 841.0 786.0 380
62 819.0 788.0 380
388 854.0 748.5 380
406 857.0 760.33 380
67 866.0 651.0 381
403 879.0 586.5 381
407 889.67 583.0 381
408 888.5 613.5 381
403 879.0 586.5 382
70 892.0 522.0 382
409 901.5 549.0 382
407 889.67 583.0 382
409 901.5 549.0 383
72 911.0 576.0 383
408 888.5 613.5 383
407 889.67 583.0 383
67 866.0 651.0 384
408 888.5 613.5 384
410 907.33 614.67 384
411 905.5 634.0 384
408 888.5 613.5 385
72 911.0 576.0 385
412 928.0 596.5 385
410 907.33 614.67 385
412 928.0 596.5 386
75 945.0 617.0 386
411 905.5 634.0 386
410 907.33 614.67 386
69 889.0 709.0 387
413 917.0 663.0 387
414 917.33 683.67 387
415 903.5 717.0 387
413 917.0 663.0 388
75 945.0 617.0 388
416 931.5 671.0 388
414 917.33 683.67 388
416 931.5 671.0 389
74 918.0 725.0 389
415 903.5 717.0 389
414 917.33 683.67 389
71 900.0 755.0 390
417 881.5 769.5 390
418 884.0 749.33 390
419 894.5 732.0 390
417 881.5 769.5 391
66 863.0 784.0 391
405 876.0 746.5 391
418 884.0 749.33 391
405 876.0 746.5 392
69 889.0 709.0 392
419 894.5 732.0 392
418 884.0 749.33 392
76 957.0 865.0 393
393 910.0 824.5 393
420 906.67 801.33 393
421 928.5 810.0 393
393 910.0 824.5 394
66 863.0 784.0 394
417 881.5 769.5 394
420 906.67 801.33 394
417 881.5 769.5 395
71 900.0 755.0 395
421 928.5 810.0 395
420 906.67 801.33 395
77 964.0 369.0 396
422 928.0 445.5 396
423 905.0 457.33 396
401 911.5 425.0 396
422 928.0 445.5 397
70 892.0 522.0 397
385 875.5 501.5 397
423 905.0 457.33 397
385 875.5 501.5 398
65 859.0 481.0 398
401 911.5 425.0 398
423 905.0 457.33 398
73 912.0 107.0 399
424 834.0 104.5 399
425 795.67 94.0 399
426 815.5 90.0 399
424 834.0 104.5 400
58 756.0 102.0 400
344 737.5 87.5 400
425 795.67 94.0 400
344 737.5 87.5 401
56 719.0 73.0 401
426 815.5 90.0 401
425 795.67 94.0 401
73 912.0 107.0 402
371 839.5 119.0 402
427 811.67 113.33 402
424 834.0 104.5 402
371 839.5 119.0 403
59 767.0 131.0 403
347 761.5 116.5 403
427 811.67 113.33 403
347 761.5 116.5 404
58 756.0 102.0 404
424 834.0 104.5 404
427 811.67 113.33 404
68 887.0 300.0 405
397 899.5 203.5 405
428 921.0 258.67 405
382 925.5 334.5 405
397 899.5 203.5 406
73 912.0 107.0 406
429 938.0 238.0 406
428 921.0 258.67 406
429 938.0 238.0 407
77 964.0 369.0 407
382 925.5 334.5 407
428 921.0 258.67 407
75 945.0 617.0 408
413 917.0 663.0 408
430 900.0 659.0 408
411 905.5 634.0 408
413 917.0 663.0 409
69 889.0 709.0 409
389 877.5 680.0 409
430 900.0 659.0 409
389 877.5 680.0 410
67 866.0 651.0 410
411 905.5 634.0 410
430 900.0 659.0 410
74 918.0 725.0 411
431 909.0 740.0 411
432 902.33 729.67 411
415 903.5 717.0 411
431 909.0 740.0 412
71 900.0 755.0 412
419 894.5 732.0 412
432 902.33 729.67 412
419 894.5 732.0 413
69 889.0 709.0 413
415 903.5 717.0 413
432 902.33 729.67 413
79 993.0 633.0 414
433 952.0 604.5 414
434 932.0 577.0 414
435 942.5 577.5 414
433 952.0 604.5 415
72 911.0 576.0 415
409 901.5 549.0 415
434 932.0 577.0 415
409 901.5 549.0 416
70 892.0 522.0 416
435 942.5 577.5 416
434 932.0 577.0 416
74 918.0 725.0 417
416 931.5 671.0 417
436 952.0 658.33 417
437 955.5 679.0 417
416 931.5 671.0 418
75 945.0 617.0 418
438 969.0 625.0 418
436 952.0 658.33 418
438 969.0 625.0 419
79 993.0 633.0 419
437 955.5 679.0 419
436 952.0 658.33 419
76 957.0 865.0 420
421 928.5 810.0 420
439 925.0 781.67 420
440 937.5 795.0 420
421 928.5 810.0 421
71 900.0 755.0 421
431 909.0 740.0 421
439 925.0 781.67 421
431 909.0 740.0 422
74 918.0 725.0 422
440 937.5 795.0 422
439 925.0 781.67 422
51 698.0 918.0 423
394 827.5 891.5 423
441 878.33 886.67 423
442 839.0 897.5 423
394 827.5 891.5 424
76 957.0 865.0 424
443 968.5 871.0 424
441 878.33 886.67 424
443 968.5 871.0 425
78 980.0 877.0 425
442 839.0 897.5 425
441 878.33 886.67 425
70 892.0 522.0 426
422 928.0 445.5 426
444 949.67 508.0 426
435 942.5 577.5 426
422 928.0 445.5 427
77 964.0 369.0 427
445 978.5 501.0 427
444 949.67 508.0 427
445 978.5 501.0 428
79 993.0 633.0 428
435 942.5 577.5 428
444 949.67 508.0 428
79 993.0 633.0 429
438 969.0 625.0 429
446 949.67 608.67 429
433 952.0 604.5 429
438 969.0 625.0 430
75 945.0 617.0 430
412 928.0 596.5 430
446 949.67 608.67 430
412 928.0 596.5 431
72 911.0 576.0 431
433 952.0 604.5 431
446 949.67 608.67 431
78 980.0 877.0 432
443 968.5 871.0 432
447 951.67 822.33 432
448 949.0 801.0 432
443 968.5 871.0 433
76 957.0 865.0 433
440 937.5 795.0 433
447 951.67 822.33 433
440 937.5 795.0 434
74 918.0 725.0 434
448 949.0 801.0 434
447 951.67 822.33 434
78 980.0 877.0 435
449 798.0 931.5 435
450 764.67 927.0 435
442 839.0 897.5 435
449 798.0 931.5 436
37 616.0 986.0 436
324 657.0 952.0 436
450 764.67 927.0 436
324 657.0 952.0 437
51 698.0 918.0 437
442 839.0 897.5 437
450 764.67 927.0 437
74 918.0 725.0 438
437 955.5 679.0 438
451 963.67 745.0 438
448 949.0 801.0 438
437 955.5 679.0 439
79 993.0 633.0 439
452 986.5 755.0 439
451 963.67 745.0 439
452 986.5 755.0 440
78 980.0 877.0 440
448 949.0 801.0 440
451 963.67 745.0 440
