0 2 1
1 4 5
2 6 4
4 1 2
5 3 1
2 7 10
4 6 13
7 2 0
5 12 9
9 3 5
3 9 8
6 10 13
10 6 2
11 10 7
10 11 13
12 5 4
12 16 9
13 12 4
12 13 21
16 12 14
15 8 9
21 14 12
16 15 9
17 13 11
13 17 22
18 11 7
11 18 19
19 17 11
17 19 23
22 21 13
20 15 16
20 8 15
21 20 16
21 16 14
25 22 23
23 22 17
23 24 27
24 19 18
24 23 19
22 25 26
22 26 29
25 27 26
28 21 22
27 25 23
29 28 22
21 28 30
26 31 32
28 38 30
30 20 21
27 34 31
31 26 27
32 29 26
29 32 35
33 32 31
35 37 29
34 27 24
34 33 31
33 34 36
35 32 33
36 35 33
35 36 39
29 37 38
37 39 38
38 28 29
39 36 34
39 37 35
