0 1 4
2 4 10
3 0 2
4 2 0
5 3 2
1 6 8
1 8 11
10 5 2
7 3 5
7 0 3
1 11 14
4 9 10
13 9 4
5 10 18
14 4 1
12 10 9
10 12 17
13 12 9
11 15 14
14 13 4
13 14 19
11 16 15
11 22 16
15 16 22
19 14 15
12 13 21
10 17 18
21 17 12
18 7 5
13 19 24
18 23 20
20 7 18
19 22 28
17 21 23
25 11 8
11 25 22
22 19 15
21 24 23
23 18 17
20 23 26
24 21 13
25 8 6
22 25 27
19 28 32
23 24 30
26 7 20
27 28 22
32 24 19
23 30 36
29 26 23
29 7 26
28 31 33
31 27 25
31 28 27
32 30 24
30 32 35
33 32 28
32 33 39
30 34 36
35 34 30
39 34 35
34 39 36
23 36 37
40 33 31
39 37 36
37 29 23
38 25 44
38 31 25
31 38 40
39 35 32
33 40 41
41 39 33
39 41 49
44 42 38
42 40 38
40 42 47
47 41 40
37 45 43
43 29 37
25 46 44
42 44 47
45 37 39
46 25 6
44 46 47
41 47 49
49 45 39
48 46 6
48 47 46
49 47 48
49 43 45
