V x y Q
67 969.0 38.0 0
70 976.0 277.0 0
71 923.25 315.75 0
72 909.0 175.5 0
70 976.0 277.0 1
69 983.0 516.0 1
73 937.5 456.0 1
71 923.25 315.75 1
73 937.5 456.0 2
63 892.0 396.0 2
74 870.5 354.5 2
71 923.25 315.75 2
74 870.5 354.5 3
60 849.0 313.0 3
72 909.0 175.5 3
71 923.25 315.75 3
51 736.0 98.0 4
75 654.5 250.5 4
76 556.0 224.75 4
77 606.0 79.5 4
75 654.5 250.5 5
43 573.0 403.0 5
78 506.0 370.0 5
76 556.0 224.75 5
78 506.0 370.0 6
36 439.0 337.0 6
79 457.5 199.0 6
76 556.0 224.75 6
79 457.5 199.0 7
38 476.0 61.0 7
77 606.0 79.5 7
76 556.0 224.75 7
29 365.0 145.0 8
80 295.0 172.5 8
81 286.0 113.25 8
82 420.5 103.0 8
80 295.0 172.5 9
13 225.0 200.0 9
83 151.5 123.5 9
81 286.0 113.25 9
83 151.5 123.5 10
4 78.0 47.0 10
84 277.0 54.0 10
81 286.0 113.25 10
84 277.0 54.0 11
38 476.0 61.0 11
82 420.5 103.0 11
81 286.0 113.25 11
39 511.0 901.0 12
85 609.0 900.5 12
86 573.0 930.25 12
87 394.5 922.0 12
85 609.0 900.5 13
49 707.0 900.0 13
88 751.5 938.5 13
86 573.0 930.25 13
88 751.5 938.5 14
57 796.0 977.0 14
89 537.0 960.0 14
86 573.0 930.25 14
89 537.0 960.0 15
19 278.0 943.0 15
87 394.5 922.0 15
86 573.0 930.25 15
10 156.0 440.0 16
90 197.0 471.5 16
91 114.5 498.25 16
92 86.0 389.5 16
90 197.0 471.5 17
15 238.0 503.0 17
93 143.0 607.0 17
91 114.5 498.25 17
93 143.0 607.0 18
3 48.0 711.0 18
94 32.0 525.0 18
91 114.5 498.25 18
94 32.0 525.0 19
0 16.0 339.0 19
92 86.0 389.5 19
91 114.5 498.25 19
60 849.0 313.0 20
95 807.5 343.5 20
96 731.0 297.0 20
97 792.5 205.5 20
95 807.5 343.5 21
52 766.0 374.0 21
98 669.5 388.5 21
96 731.0 297.0 21
98 669.5 388.5 22
43 573.0 403.0 22
75 654.5 250.5 22
96 731.0 297.0 22
75 654.5 250.5 23
51 736.0 98.0 23
97 792.5 205.5 23
96 731.0 297.0 23
62 869.0 695.0 24
99 909.0 676.5 24
100 893.25 785.75 24
101 821.5 783.5 24
99 909.0 676.5 25
66 949.0 658.0 25
102 965.0 788.0 25
100 893.25 785.75 25
102 965.0 788.0 26
68 981.0 918.0 26
103 877.5 895.0 26
100 893.25 785.75 26
103 877.5 895.0 27
54 774.0 872.0 27
101 821.5 783.5 27
100 893.25 785.75 27
3 48.0 711.0 28
93 143.0 607.0 28
104 193.5 632.0 28
105 133.0 712.5 28
93 143.0 607.0 29
15 238.0 503.0 29
106 254.0 551.5 29
104 193.5 632.0 29
106 254.0 551.5 30
18 270.0 600.0 30
107 244.0 657.0 30
104 193.5 632.0 30
107 244.0 657.0 31
12 218.0 714.0 31
105 133.0 712.5 31
104 193.5 632.0 31
44 576.0 765.0 32
108 632.0 693.0 32
109 698.25 736.5 32
110 655.5 800.0 32
108 632.0 693.0 33
48 688.0 621.0 33
111 741.0 673.0 33
109 698.25 736.5 33
111 741.0 673.0 34
56 794.0 725.0 34
112 764.5 780.0 34
109 698.25 736.5 34
112 764.5 780.0 35
50 735.0 835.0 35
110 655.5 800.0 35
109 698.25 736.5 35
27 347.0 551.0 36
113 443.0 536.5 36
114 463.25 597.5 36
115 382.0 628.5 36
113 443.0 536.5 37
40 539.0 522.0 37
116 544.5 566.5 37
114 463.25 597.5 37
116 544.5 566.5 38
41 550.0 611.0 38
117 483.5 658.5 38
114 463.25 597.5 38
117 483.5 658.5 39
35 417.0 706.0 39
115 382.0 628.5 39
114 463.25 597.5 39
51 736.0 98.0 40
77 606.0 79.5 40
118 767.5 56.0 40
119 832.0 74.5 40
77 606.0 79.5 41
38 476.0 61.0 41
120 703.0 37.5 41
118 767.5 56.0 41
120 703.0 37.5 42
65 930.0 14.0 42
121 929.0 32.5 42
118 767.5 56.0 42
121 929.0 32.5 43
64 928.0 51.0 43
119 832.0 74.5 43
118 767.5 56.0 43
11 164.0 224.0 44
122 90.5 201.0 44
123 121.0 162.25 44
124 194.5 212.0 44
122 90.5 201.0 45
1 17.0 178.0 45
125 47.5 112.5 45
123 121.0 162.25 45
125 47.5 112.5 46
4 78.0 47.0 46
83 151.5 123.5 46
123 121.0 162.25 46
83 151.5 123.5 47
13 225.0 200.0 47
124 194.5 212.0 47
123 121.0 162.25 47
22 297.0 303.0 48
126 300.0 349.0 48
127 217.5 361.25 48
128 205.5 305.0 48
126 300.0 349.0 49
23 303.0 395.0 49
129 229.5 417.5 49
127 217.5 361.25 49
129 229.5 417.5 50
10 156.0 440.0 50
130 135.0 373.5 50
127 217.5 361.25 50
130 135.0 373.5 51
6 114.0 307.0 51
128 205.5 305.0 51
127 217.5 361.25 51
6 114.0 307.0 52
131 175.5 256.0 52
132 234.0 257.75 52
128 205.5 305.0 52
131 175.5 256.0 53
14 237.0 205.0 53
133 262.5 210.5 53
132 234.0 257.75 53
133 262.5 210.5 54
20 288.0 216.0 54
134 292.5 259.5 54
132 234.0 257.75 54
134 292.5 259.5 55
22 297.0 303.0 55
128 205.5 305.0 55
132 234.0 257.75 55
42 552.0 742.0 56
135 564.0 776.0 56
136 477.75 802.0 56
137 463.5 766.0 56
135 564.0 776.0 57
45 576.0 810.0 57
138 492.0 838.0 57
136 477.75 802.0 57
138 492.0 838.0 58
33 408.0 866.0 58
139 391.5 828.0 58
136 477.75 802.0 58
139 391.5 828.0 59
30 375.0 790.0 59
137 463.5 766.0 59
136 477.75 802.0 59
42 552.0 742.0 60
140 551.0 676.5 60
141 591.5 684.75 60
142 564.0 753.5 60
140 551.0 676.5 61
41 550.0 611.0 61
143 619.0 616.0 61
141 591.5 684.75 61
143 619.0 616.0 62
48 688.0 621.0 62
108 632.0 693.0 62
141 591.5 684.75 62
108 632.0 693.0 63
44 576.0 765.0 63
142 564.0 753.5 63
141 591.5 684.75 63
18 270.0 600.0 64
144 308.5 575.5 64
145 340.25 654.75 64
146 298.5 681.0 64
144 308.5 575.5 65
27 347.0 551.0 65
115 382.0 628.5 65
145 340.25 654.75 65
115 382.0 628.5 66
35 417.0 706.0 66
147 372.0 734.0 66
145 340.25 654.75 66
147 372.0 734.0 67
25 327.0 762.0 67
146 298.5 681.0 67
145 340.25 654.75 67
48 688.0 621.0 68
148 647.0 543.0 68
149 682.75 506.25 68
150 730.5 558.5 68
148 647.0 543.0 69
46 606.0 465.0 69
151 635.0 454.0 69
149 682.75 506.25 69
151 635.0 454.0 70
47 664.0 443.0 70
152 718.5 469.5 70
149 682.75 506.25 70
152 718.5 469.5 71
53 773.0 496.0 71
150 730.5 558.5 71
149 682.75 506.25 71
40 539.0 522.0 72
153 572.5 493.5 72
154 595.75 554.75 72
116 544.5 566.5 72
153 572.5 493.5 73
46 606.0 465.0 73
148 647.0 543.0 73
154 595.75 554.75 73
148 647.0 543.0 74
48 688.0 621.0 74
143 619.0 616.0 74
154 595.75 554.75 74
143 619.0 616.0 75
41 550.0 611.0 75
116 544.5 566.5 75
154 595.75 554.75 75
31 378.0 207.0 76
155 371.5 176.0 76
156 414.5 187.5 76
157 408.5 272.0 76
155 371.5 176.0 77
29 365.0 145.0 77
82 420.5 103.0 77
156 414.5 187.5 77
82 420.5 103.0 78
38 476.0 61.0 78
79 457.5 199.0 78
156 414.5 187.5 78
79 457.5 199.0 79
36 439.0 337.0 79
157 408.5 272.0 79
156 414.5 187.5 79
61 866.0 561.0 80
158 844.5 501.5 80
159 891.0 478.75 80
160 924.5 538.5 80
158 844.5 501.5 81
59 823.0 442.0 81
161 857.5 419.0 81
159 891.0 478.75 81
161 857.5 419.0 82
63 892.0 396.0 82
73 937.5 456.0 82
159 891.0 478.75 82
73 937.5 456.0 83
69 983.0 516.0 83
160 924.5 538.5 83
159 891.0 478.75 83
43 573.0 403.0 84
162 556.0 462.5 84
163 493.5 428.0 84
164 513.0 384.5 84
162 556.0 462.5 85
40 539.0 522.0 85
165 474.0 471.5 85
163 493.5 428.0 85
165 474.0 471.5 86
34 409.0 421.0 86
166 431.0 393.5 86
163 493.5 428.0 86
166 431.0 393.5 87
37 453.0 366.0 87
164 513.0 384.5 87
163 493.5 428.0 87
50 735.0 835.0 88
167 721.0 867.5 88
168 648.5 827.5 88
110 655.5 800.0 88
167 721.0 867.5 89
49 707.0 900.0 89
169 641.5 855.0 89
168 648.5 827.5 89
169 641.5 855.0 90
45 576.0 810.0 90
170 576.0 787.5 90
168 648.5 827.5 90
170 576.0 787.5 91
44 576.0 765.0 91
110 655.5 800.0 91
168 648.5 827.5 91
19 278.0 943.0 92
171 204.5 956.0 92
172 202.25 907.75 92
173 268.0 913.5 92
171 204.5 956.0 93
7 131.0 969.0 93
174 136.5 902.0 93
172 202.25 907.75 93
174 136.5 902.0 94
8 142.0 835.0 94
175 200.0 859.5 94
172 202.25 907.75 94
175 200.0 859.5 95
17 258.0 884.0 95
173 268.0 913.5 95
172 202.25 907.75 95
9 146.0 826.0 96
176 85.5 800.5 96
177 109.25 756.5 96
178 182.0 770.0 96
176 85.5 800.5 97
2 25.0 775.0 97
179 36.5 743.0 97
177 109.25 756.5 97
179 36.5 743.0 98
3 48.0 711.0 98
105 133.0 712.5 98
177 109.25 756.5 98
105 133.0 712.5 99
12 218.0 714.0 99
178 182.0 770.0 99
177 109.25 756.5 99
39 511.0 901.0 100
87 394.5 922.0 100
180 385.25 890.75 100
181 459.5 883.5 100
87 394.5 922.0 101
19 278.0 943.0 101
182 311.0 898.0 101
180 385.25 890.75 101
182 311.0 898.0 102
26 344.0 853.0 102
183 376.0 859.5 102
180 385.25 890.75 102
183 376.0 859.5 103
33 408.0 866.0 103
181 459.5 883.5 103
180 385.25 890.75 103
1 17.0 178.0 104
122 90.5 201.0 104
184 69.0 263.5 104
185 16.5 258.5 104
122 90.5 201.0 105
11 164.0 224.0 105
186 121.5 268.5 105
184 69.0 263.5 105
186 121.5 268.5 106
5 79.0 313.0 106
187 47.5 326.0 106
184 69.0 263.5 106
187 47.5 326.0 107
0 16.0 339.0 107
185 16.5 258.5 107
184 69.0 263.5 107
5 79.0 313.0 108
188 96.5 310.0 108
189 91.25 349.75 108
187 47.5 326.0 108
188 96.5 310.0 109
6 114.0 307.0 109
130 135.0 373.5 109
189 91.25 349.75 109
130 135.0 373.5 110
10 156.0 440.0 110
92 86.0 389.5 110
189 91.25 349.75 110
92 86.0 389.5 111
0 16.0 339.0 111
187 47.5 326.0 111
189 91.25 349.75 111
54 774.0 872.0 112
190 754.5 853.5 112
191 793.0 781.75 112
101 821.5 783.5 112
190 754.5 853.5 113
50 735.0 835.0 113
112 764.5 780.0 113
191 793.0 781.75 113
112 764.5 780.0 114
56 794.0 725.0 114
192 831.5 710.0 114
191 793.0 781.75 114
192 831.5 710.0 115
62 869.0 695.0 115
101 821.5 783.5 115
191 793.0 781.75 115
27 347.0 551.0 116
193 329.0 524.5 116
194 401.5 498.0 116
113 443.0 536.5 116
193 329.0 524.5 117
24 311.0 498.0 117
195 360.0 459.5 117
194 401.5 498.0 117
195 360.0 459.5 118
34 409.0 421.0 118
165 474.0 471.5 118
194 401.5 498.0 118
165 474.0 471.5 119
40 539.0 522.0 119
113 443.0 536.5 119
194 401.5 498.0 119
35 417.0 706.0 120
117 483.5 658.5 120
196 473.5 712.25 120
197 396.0 748.0 120
117 483.5 658.5 121
41 550.0 611.0 121
140 551.0 676.5 121
196 473.5 712.25 121
140 551.0 676.5 122
42 552.0 742.0 122
137 463.5 766.0 122
196 473.5 712.25 122
137 463.5 766.0 123
30 375.0 790.0 123
197 396.0 748.0 123
196 473.5 712.25 123
66 949.0 658.0 124
99 909.0 676.5 124
198 869.25 633.0 124
199 907.5 609.5 124
99 909.0 676.5 125
62 869.0 695.0 125
200 831.0 656.5 125
198 869.25 633.0 125
200 831.0 656.5 126
55 793.0 618.0 126
201 829.5 589.5 126
198 869.25 633.0 126
201 829.5 589.5 127
61 866.0 561.0 127
199 907.5 609.5 127
198 869.25 633.0 127
58 816.0 437.0 128
202 791.0 405.5 128
203 830.75 380.0 128
204 854.0 416.5 128
202 791.0 405.5 129
52 766.0 374.0 129
95 807.5 343.5 129
203 830.75 380.0 129
95 807.5 343.5 130
60 849.0 313.0 130
74 870.5 354.5 130
203 830.75 380.0 130
74 870.5 354.5 131
63 892.0 396.0 131
204 854.0 416.5 131
203 830.75 380.0 131
9 146.0 826.0 132
205 196.5 800.0 132
206 198.25 829.75 132
207 144.0 830.5 132
205 196.5 800.0 133
16 247.0 774.0 133
208 252.5 829.0 133
206 198.25 829.75 133
208 252.5 829.0 134
17 258.0 884.0 134
175 200.0 859.5 134
206 198.25 829.75 134
175 200.0 859.5 135
8 142.0 835.0 135
207 144.0 830.5 135
206 198.25 829.75 135
15 238.0 503.0 136
90 197.0 471.5 136
209 252.0 459.0 136
210 274.5 500.5 136
90 197.0 471.5 137
10 156.0 440.0 137
129 229.5 417.5 137
209 252.0 459.0 137
129 229.5 417.5 138
23 303.0 395.0 138
211 307.0 446.5 138
209 252.0 459.0 138
211 307.0 446.5 139
24 311.0 498.0 139
210 274.5 500.5 139
209 252.0 459.0 139
22 297.0 303.0 140
134 292.5 259.5 140
212 337.25 262.5 140
213 341.5 313.5 140
134 292.5 259.5 141
20 288.0 216.0 141
214 333.0 211.5 141
212 337.25 262.5 141
214 333.0 211.5 142
31 378.0 207.0 142
215 382.0 265.5 142
212 337.25 262.5 142
215 382.0 265.5 143
32 386.0 324.0 143
213 341.5 313.5 143
212 337.25 262.5 143
16 247.0 774.0 144
216 287.0 768.0 144
217 294.0 818.25 144
208 252.5 829.0 144
216 287.0 768.0 145
25 327.0 762.0 145
218 335.5 807.5 145
217 294.0 818.25 145
218 335.5 807.5 146
26 344.0 853.0 146
219 301.0 868.5 146
217 294.0 818.25 146
219 301.0 868.5 147
17 258.0 884.0 147
208 252.5 829.0 147
217 294.0 818.25 147
61 866.0 561.0 148
201 829.5 589.5 148
220 780.0 574.0 148
221 819.5 528.5 148
201 829.5 589.5 149
55 793.0 618.0 149
222 740.5 619.5 149
220 780.0 574.0 149
222 740.5 619.5 150
48 688.0 621.0 150
150 730.5 558.5 150
220 780.0 574.0 150
150 730.5 558.5 151
53 773.0 496.0 151
221 819.5 528.5 151
220 780.0 574.0 151
58 816.0 437.0 152
223 794.5 466.5 152
224 754.75 437.5 152
202 791.0 405.5 152
223 794.5 466.5 153
53 773.0 496.0 153
152 718.5 469.5 153
224 754.75 437.5 153
152 718.5 469.5 154
47 664.0 443.0 154
225 715.0 408.5 154
224 754.75 437.5 154
225 715.0 408.5 155
52 766.0 374.0 155
202 791.0 405.5 155
224 754.75 437.5 155
12 218.0 714.0 156
107 244.0 657.0 156
226 265.5 712.5 156
227 232.5 744.0 156
107 244.0 657.0 157
18 270.0 600.0 157
146 298.5 681.0 157
226 265.5 712.5 157
146 298.5 681.0 158
25 327.0 762.0 158
216 287.0 768.0 158
226 265.5 712.5 158
216 287.0 768.0 159
16 247.0 774.0 159
227 232.5 744.0 159
226 265.5 712.5 159
49 707.0 900.0 160
85 609.0 900.5 160
228 550.5 869.25 160
169 641.5 855.0 160
85 609.0 900.5 161
39 511.0 901.0 161
181 459.5 883.5 161
228 550.5 869.25 161
181 459.5 883.5 162
33 408.0 866.0 162
138 492.0 838.0 162
228 550.5 869.25 162
138 492.0 838.0 163
45 576.0 810.0 163
169 641.5 855.0 163
228 550.5 869.25 163
18 270.0 600.0 164
106 254.0 551.5 164
229 291.5 538.0 164
144 308.5 575.5 164
106 254.0 551.5 165
15 238.0 503.0 165
210 274.5 500.5 165
229 291.5 538.0 165
210 274.5 500.5 166
24 311.0 498.0 166
193 329.0 524.5 166
229 291.5 538.0 166
193 329.0 524.5 167
27 347.0 551.0 167
144 308.5 575.5 167
229 291.5 538.0 167
23 303.0 395.0 168
126 300.0 349.0 168
230 348.75 360.75 168
231 356.0 408.0 168
126 300.0 349.0 169
22 297.0 303.0 169
213 341.5 313.5 169
230 348.75 360.75 169
213 341.5 313.5 170
32 386.0 324.0 170
232 397.5 372.5 170
230 348.75 360.75 170
232 397.5 372.5 171
34 409.0 421.0 171
231 356.0 408.0 171
230 348.75 360.75 171
57 796.0 977.0 172
88 751.5 938.5 172
233 814.5 916.75 172
234 888.5 947.5 172
88 751.5 938.5 173
49 707.0 900.0 173
235 740.5 886.0 173
233 814.5 916.75 173
235 740.5 886.0 174
54 774.0 872.0 174
103 877.5 895.0 174
233 814.5 916.75 174
103 877.5 895.0 175
68 981.0 918.0 175
234 888.5 947.5 175
233 814.5 916.75 175
62 869.0 695.0 176
192 831.5 710.0 176
236 786.0 664.75 176
200 831.0 656.5 176
192 831.5 710.0 177
56 794.0 725.0 177
111 741.0 673.0 177
236 786.0 664.75 177
111 741.0 673.0 178
48 688.0 621.0 178
222 740.5 619.5 178
236 786.0 664.75 178
222 740.5 619.5 179
55 793.0 618.0 179
200 831.0 656.5 179
236 786.0 664.75 179
52 766.0 374.0 180
225 715.0 408.5 180
237 652.25 421.25 180
98 669.5 388.5 180
225 715.0 408.5 181
47 664.0 443.0 181
151 635.0 454.0 181
237 652.25 421.25 181
151 635.0 454.0 182
46 606.0 465.0 182
238 589.5 434.0 182
237 652.25 421.25 182
238 589.5 434.0 183
43 573.0 403.0 183
98 669.5 388.5 183
237 652.25 421.25 183
11 164.0 224.0 184
239 200.5 214.5 184
240 148.5 262.25 184
186 121.5 268.5 184
239 200.5 214.5 185
14 237.0 205.0 185
131 175.5 256.0 185
240 148.5 262.25 185
131 175.5 256.0 186
6 114.0 307.0 186
188 96.5 310.0 186
240 148.5 262.25 186
188 96.5 310.0 187
5 79.0 313.0 187
186 121.5 268.5 187
240 148.5 262.25 187
34 409.0 421.0 188
232 397.5 372.5 188
241 421.75 362.0 188
166 431.0 393.5 188
232 397.5 372.5 189
32 386.0 324.0 189
242 412.5 330.5 189
241 421.75 362.0 189
242 412.5 330.5 190
36 439.0 337.0 190
243 446.0 351.5 190
241 421.75 362.0 190
243 446.0 351.5 191
37 453.0 366.0 191
166 431.0 393.5 191
241 421.75 362.0 191
29 365.0 145.0 192
80 295.0 172.5 192
244 311.25 173.0 192
245 328.5 170.5 192
80 295.0 172.5 193
13 225.0 200.0 193
246 294.0 175.5 193
244 311.25 173.0 193
246 294.0 175.5 194
28 363.0 151.0 194
247 327.5 173.5 194
244 311.25 173.0 194
247 327.5 173.5 195
21 292.0 196.0 195
245 328.5 170.5 195
244 311.25 173.0 195
31 378.0 207.0 196
214 333.0 211.5 196
248 330.25 192.5 196
249 370.5 179.0 196
214 333.0 211.5 197
20 288.0 216.0 197
250 290.0 206.0 197
248 330.25 192.5 197
250 290.0 206.0 198
21 292.0 196.0 198
247 327.5 173.5 198
248 330.25 192.5 198
247 327.5 173.5 199
28 363.0 151.0 199
249 370.5 179.0 199
248 330.25 192.5 199
53 773.0 496.0 200
223 794.5 466.5 200
251 819.5 484.0 200
221 819.5 528.5 200
223 794.5 466.5 201
58 816.0 437.0 201
252 819.5 439.5 201
251 819.5 484.0 201
252 819.5 439.5 202
59 823.0 442.0 202
158 844.5 501.5 202
251 819.5 484.0 202
158 844.5 501.5 203
61 866.0 561.0 203
221 819.5 528.5 203
251 819.5 484.0 203
33 408.0 866.0 204
183 376.0 859.5 204
253 363.5 817.75 204
139 391.5 828.0 204
183 376.0 859.5 205
26 344.0 853.0 205
218 335.5 807.5 205
253 363.5 817.75 205
218 335.5 807.5 206
25 327.0 762.0 206
254 351.0 776.0 206
253 363.5 817.75 206
254 351.0 776.0 207
30 375.0 790.0 207
139 391.5 828.0 207
253 363.5 817.75 207
14 237.0 205.0 208
255 231.0 202.5 208
256 260.5 204.25 208
133 262.5 210.5 208
255 231.0 202.5 209
13 225.0 200.0 209
257 258.5 198.0 209
256 260.5 204.25 209
257 258.5 198.0 210
21 292.0 196.0 210
250 290.0 206.0 210
256 260.5 204.25 210
250 290.0 206.0 211
20 288.0 216.0 211
133 262.5 210.5 211
256 260.5 204.25 211
3 48.0 711.0 212
179 36.5 743.0 212
258 29.67 608.33 212
94 32.0 525.0 212
179 36.5 743.0 213
2 25.0 775.0 213
259 20.5 557.0 213
258 29.67 608.33 213
259 20.5 557.0 214
0 16.0 339.0 214
94 32.0 525.0 214
258 29.67 608.33 214
2 25.0 775.0 215
176 85.5 800.5 215
260 104.33 812.0 215
261 83.5 805.0 215
176 85.5 800.5 216
9 146.0 826.0 216
207 144.0 830.5 216
260 104.33 812.0 216
207 144.0 830.5 217
8 142.0 835.0 217
261 83.5 805.0 217
260 104.33 812.0 217
2 25.0 775.0 218
261 83.5 805.0 218
262 99.33 859.67 218
263 78.0 872.0 218
261 83.5 805.0 219
8 142.0 835.0 219
174 136.5 902.0 219
262 99.33 859.67 219
174 136.5 902.0 220
7 131.0 969.0 220
263 78.0 872.0 220
262 99.33 859.67 220
14 237.0 205.0 221
239 200.5 214.5 221
264 208.67 209.67 221
255 231.0 202.5 221
239 200.5 214.5 222
11 164.0 224.0 222
124 194.5 212.0 222
264 208.67 209.67 222
124 194.5 212.0 223
13 225.0 200.0 223
255 231.0 202.5 223
264 208.67 209.67 223
9 146.0 826.0 224
178 182.0 770.0 224
265 203.67 771.33 224
205 196.5 800.0 224
178 182.0 770.0 225
12 218.0 714.0 225
227 232.5 744.0 225
265 203.67 771.33 225
227 232.5 744.0 226
16 247.0 774.0 226
205 196.5 800.0 226
265 203.67 771.33 226
26 344.0 853.0 227
182 311.0 898.0 227
266 293.33 893.33 227
219 301.0 868.5 227
182 311.0 898.0 228
19 278.0 943.0 228
173 268.0 913.5 228
266 293.33 893.33 228
173 268.0 913.5 229
17 258.0 884.0 229
219 301.0 868.5 229
266 293.33 893.33 229
24 311.0 498.0 230
211 307.0 446.5 230
267 341.0 438.0 230
195 360.0 459.5 230
211 307.0 446.5 231
23 303.0 395.0 231
231 356.0 408.0 231
267 341.0 438.0 231
231 356.0 408.0 232
34 409.0 421.0 232
195 360.0 459.5 232
267 341.0 438.0 232
31 378.0 207.0 233
249 370.5 179.0 233
268 368.67 167.67 233
155 371.5 176.0 233
249 370.5 179.0 234
28 363.0 151.0 234
269 364.0 148.0 234
268 368.67 167.67 234
269 364.0 148.0 235
29 365.0 145.0 235
155 371.5 176.0 235
268 368.67 167.67 235
35 417.0 706.0 236
197 396.0 748.0 236
270 373.0 752.67 236
147 372.0 734.0 236
197 396.0 748.0 237
30 375.0 790.0 237
254 351.0 776.0 237
270 373.0 752.67 237
254 351.0 776.0 238
25 327.0 762.0 238
147 372.0 734.0 238
270 373.0 752.67 238
36 439.0 337.0 239
242 412.5 330.5 239
271 401.0 289.33 239
157 408.5 272.0 239
242 412.5 330.5 240
32 386.0 324.0 240
215 382.0 265.5 240
271 401.0 289.33 240
215 382.0 265.5 241
31 378.0 207.0 241
157 408.5 272.0 241
271 401.0 289.33 241
43 573.0 403.0 242
164 513.0 384.5 242
272 488.33 368.67 242
78 506.0 370.0 242
164 513.0 384.5 243
37 453.0 366.0 243
243 446.0 351.5 243
272 488.33 368.67 243
243 446.0 351.5 244
36 439.0 337.0 244
78 506.0 370.0 244
272 488.33 368.67 244
40 539.0 522.0 245
162 556.0 462.5 245
273 572.67 463.33 245
153 572.5 493.5 245
162 556.0 462.5 246
43 573.0 403.0 246
238 589.5 434.0 246
273 572.67 463.33 246
238 589.5 434.0 247
46 606.0 465.0 247
153 572.5 493.5 247
273 572.67 463.33 247
42 552.0 742.0 248
142 564.0 753.5 248
274 568.0 772.33 248
135 564.0 776.0 248
142 564.0 753.5 249
44 576.0 765.0 249
170 576.0 787.5 249
274 568.0 772.33 249
170 576.0 787.5 250
45 576.0 810.0 250
135 564.0 776.0 250
274 568.0 772.33 250
54 774.0 872.0 251
235 740.5 886.0 251
275 738.67 869.0 251
190 754.5 853.5 251
235 740.5 886.0 252
49 707.0 900.0 252
167 721.0 867.5 252
275 738.67 869.0 252
167 721.0 867.5 253
50 735.0 835.0 253
190 754.5 853.5 253
275 738.67 869.0 253
57 796.0 977.0 254
276 463.5 973.0 254
277 401.67 963.0 254
89 537.0 960.0 254
276 463.5 973.0 255
7 131.0 969.0 255
171 204.5 956.0 255
277 401.67 963.0 255
171 204.5 956.0 256
19 278.0 943.0 256
89 537.0 960.0 256
277 401.67 963.0 256
63 892.0 396.0 257
161 857.5 419.0 257
278 843.67 425.0 257
204 854.0 416.5 257
161 857.5 419.0 258
59 823.0 442.0 258
252 819.5 439.5 258
278 843.67 425.0 258
252 819.5 439.5 259
58 816.0 437.0 259
204 854.0 416.5 259
278 843.67 425.0 259
64 928.0 51.0 260
279 888.5 182.0 260
280 837.67 154.0 260
119 832.0 74.5 260
279 888.5 182.0 261
60 849.0 313.0 261
97 792.5 205.5 261
280 837.67 154.0 261
97 792.5 205.5 262
51 736.0 98.0 262
119 832.0 74.5 262
280 837.67 154.0 262
60 849.0 313.0 263
279 888.5 182.0 263
281 915.33 134.0 263
72 909.0 175.5 263
279 888.5 182.0 264
64 928.0 51.0 264
282 948.5 44.5 264
281 915.33 134.0 264
282 948.5 44.5 265
67 969.0 38.0 265
72 909.0 175.5 265
281 915.33 134.0 265
65 930.0 14.0 266
120 703.0 37.5 266
283 494.67 40.67 266
284 504.0 30.5 266
120 703.0 37.5 267
38 476.0 61.0 267
84 277.0 54.0 267
283 494.67 40.67 267
84 277.0 54.0 268
4 78.0 47.0 268
284 504.0 30.5 268
283 494.67 40.67 268
67 969.0 38.0 269
282 948.5 44.5 269
285 942.33 34.33 269
286 949.5 26.0 269
282 948.5 44.5 270
64 928.0 51.0 270
121 929.0 32.5 270
285 942.33 34.33 270
121 929.0 32.5 271
65 930.0 14.0 271
286 949.5 26.0 271
285 942.33 34.33 271
66 949.0 658.0 272
287 966.0 587.0 272
288 971.0 697.33 272
102 965.0 788.0 272
287 966.0 587.0 273
69 983.0 516.0 273
289 982.0 717.0 273
288 971.0 697.33 273
289 982.0 717.0 274
68 981.0 918.0 274
102 965.0 788.0 274
288 971.0 697.33 274
69 983.0 516.0 275
287 966.0 587.0 275
290 932.67 578.33 275
160 924.5 538.5 275
287 966.0 587.0 276
66 949.0 658.0 276
199 907.5 609.5 276
290 932.67 578.33 276
199 907.5 609.5 277
61 866.0 561.0 277
160 924.5 538.5 277
290 932.67 578.33 277
