V x y Q
10 361.0 335.0 0
27 351.5 299.0 0
28 359.0 229.5 0
29 367.0 272.0 0
27 351.5 299.0 1
8 342.0 263.0 1
30 351.0 187.0 1
28 359.0 229.5 1
30 351.0 187.0 2
9 360.0 111.0 2
31 366.5 160.0 2
28 359.0 229.5 2
31 366.5 160.0 3
11 373.0 209.0 3
29 367.0 272.0 3
28 359.0 229.5 3
20 443.0 241.0 4
32 427.0 314.0 4
33 428.25 270.75 4
34 443.0 213.0 4
32 427.0 314.0 5
16 411.0 387.0 5
35 413.5 328.5 5
33 428.25 270.75 5
35 413.5 328.5 6
17 416.0 270.0 6
36 429.5 227.5 6
33 428.25 270.75 6
36 429.5 227.5 7
19 443.0 185.0 7
34 443.0 213.0 7
33 428.25 270.75 7
5 320.0 359.0 8
37 292.5 351.5 8
38 306.0 290.0 8
39 322.0 328.0 8
37 292.5 351.5 9
0 265.0 344.0 9
40 290.0 252.0 9
38 306.0 290.0 9
40 290.0 252.0 10
4 315.0 160.0 10
41 319.5 228.5 10
38 306.0 290.0 10
41 319.5 228.5 11
6 324.0 297.0 11
39 322.0 328.0 11
38 306.0 290.0 11
26 534.0 262.0 12
42 515.5 308.5 12
43 507.25 254.25 12
44 522.0 214.0 12
42 515.5 308.5 13
24 497.0 355.0 13
45 492.5 294.5 13
43 507.25 254.25 13
45 492.5 294.5 14
22 488.0 234.0 14
46 499.0 200.0 14
43 507.25 254.25 14
46 499.0 200.0 15
25 510.0 166.0 15
44 522.0 214.0 15
43 507.25 254.25 15
17 416.0 270.0 16
47 398.0 219.5 16
48 394.25 171.75 16
49 418.5 203.5 16
47 398.0 219.5 17
13 380.0 169.0 17
50 370.0 140.0 17
48 394.25 171.75 17
50 370.0 140.0 18
9 360.0 111.0 18
51 390.5 124.0 18
48 394.25 171.75 18
51 390.5 124.0 19
18 421.0 137.0 19
49 418.5 203.5 19
48 394.25 171.75 19
16 411.0 387.0 20
52 405.5 346.5 20
53 405.75 298.5 20
35 413.5 328.5 20
52 405.5 346.5 21
15 400.0 306.0 21
54 398.0 268.5 21
53 405.75 298.5 21
54 398.0 268.5 22
14 396.0 231.0 22
55 406.0 250.5 22
53 405.75 298.5 22
55 406.0 250.5 23
17 416.0 270.0 23
35 413.5 328.5 23
53 405.75 298.5 23
21 454.0 315.0 24
56 448.5 278.0 24
57 457.0 243.75 24
58 471.0 274.5 24
56 448.5 278.0 25
20 443.0 241.0 25
34 443.0 213.0 25
57 457.0 243.75 25
34 443.0 213.0 26
19 443.0 185.0 26
59 465.5 209.5 26
57 457.0 243.75 26
59 465.5 209.5 27
22 488.0 234.0 27
58 471.0 274.5 27
57 457.0 243.75 27
24 497.0 355.0 28
60 454.0 371.0 28
61 462.75 335.5 28
62 493.0 320.0 28
60 454.0 371.0 29
16 411.0 387.0 29
63 432.5 351.0 29
61 462.75 335.5 29
63 432.5 351.0 30
21 454.0 315.0 30
64 471.5 300.0 30
61 462.75 335.5 30
64 471.5 300.0 31
23 489.0 285.0 31
62 493.0 320.0 31
61 462.75 335.5 31
22 488.0 234.0 32
59 465.5 209.5 32
65 465.5 180.5 32
46 499.0 200.0 32
59 465.5 209.5 33
19 443.0 185.0 33
66 432.0 161.0 33
65 465.5 180.5 33
66 432.0 161.0 34
18 421.0 137.0 34
67 465.5 151.5 34
65 465.5 180.5 34
67 465.5 151.5 35
25 510.0 166.0 35
46 499.0 200.0 35
65 465.5 180.5 35
15 400.0 306.0 36
68 380.5 320.5 36
69 383.75 284.25 36
54 398.0 268.5 36
68 380.5 320.5 37
10 361.0 335.0 37
70 369.5 300.0 37
69 383.75 284.25 37
70 369.5 300.0 38
12 378.0 265.0 38
71 387.0 248.0 38
69 383.75 284.25 38
71 387.0 248.0 39
14 396.0 231.0 39
54 398.0 268.5 39
69 383.75 284.25 39
8 342.0 263.0 40
72 334.0 250.0 40
73 335.75 192.75 40
30 351.0 187.0 40
72 334.0 250.0 41
7 326.0 237.0 41
74 320.5 198.5 41
73 335.75 192.75 41
74 320.5 198.5 42
4 315.0 160.0 42
75 337.5 135.5 42
73 335.75 192.75 42
75 337.5 135.5 43
9 360.0 111.0 43
30 351.0 187.0 43
73 335.75 192.75 43
10 361.0 335.0 44
76 340.5 347.0 44
77 336.75 313.5 44
27 351.5 299.0 44
76 340.5 347.0 45
5 320.0 359.0 45
39 322.0 328.0 45
77 336.75 313.5 45
39 322.0 328.0 46
6 324.0 297.0 46
78 333.0 280.0 46
77 336.75 313.5 46
78 333.0 280.0 47
8 342.0 263.0 47
27 351.5 299.0 47
77 336.75 313.5 47
14 396.0 231.0 48
71 387.0 248.0 48
79 381.75 218.5 48
80 388.0 200.0 48
71 387.0 248.0 49
12 378.0 265.0 49
81 375.5 237.0 49
79 381.75 218.5 49
81 375.5 237.0 50
11 373.0 209.0 50
82 376.5 189.0 50
79 381.75 218.5 50
82 376.5 189.0 51
13 380.0 169.0 51
80 388.0 200.0 51
79 381.75 218.5 51
3 297.0 204.0 52
83 287.0 249.0 52
84 276.5 272.5 52
85 282.0 226.0 52
83 287.0 249.0 53
2 277.0 294.0 53
86 271.0 319.0 53
84 276.5 272.5 53
86 271.0 319.0 54
0 265.0 344.0 54
87 266.0 296.0 54
84 276.5 272.5 54
87 266.0 296.0 55
1 267.0 248.0 55
85 282.0 226.0 55
84 276.5 272.5 55
4 315.0 160.0 56
88 306.0 182.0 56
89 293.0 204.0 56
90 291.0 204.0 56
88 306.0 182.0 57
3 297.0 204.0 57
85 282.0 226.0 57
89 293.0 204.0 57
85 282.0 226.0 58
1 267.0 248.0 58
90 291.0 204.0 58
89 293.0 204.0 58
4 315.0 160.0 59
91 296.0 227.0 59
92 296.33 219.33 59
88 306.0 182.0 59
91 296.0 227.0 60
2 277.0 294.0 60
83 287.0 249.0 60
92 296.33 219.33 60
83 287.0 249.0 61
3 297.0 204.0 61
88 306.0 182.0 61
92 296.33 219.33 61
4 315.0 160.0 62
40 290.0 252.0 62
93 285.67 266.0 62
91 296.0 227.0 62
40 290.0 252.0 63
0 265.0 344.0 63
86 271.0 319.0 63
93 285.67 266.0 63
86 271.0 319.0 64
2 277.0 294.0 64
91 296.0 227.0 64
93 285.67 266.0 64
7 326.0 237.0 65
94 325.0 267.0 65
95 321.67 231.33 65
74 320.5 198.5 65
94 325.0 267.0 66
6 324.0 297.0 66
41 319.5 228.5 66
95 321.67 231.33 66
41 319.5 228.5 67
4 315.0 160.0 67
74 320.5 198.5 67
95 321.67 231.33 67
8 342.0 263.0 68
78 333.0 280.0 68
96 330.67 265.67 68
72 334.0 250.0 68
78 333.0 280.0 69
6 324.0 297.0 69
94 325.0 267.0 69
96 330.67 265.67 69
94 325.0 267.0 70
7 326.0 237.0 70
72 334.0 250.0 70
96 330.67 265.67 70
12 378.0 265.0 71
70 369.5 300.0 71
97 370.67 269.67 71
81 375.5 237.0 71
70 369.5 300.0 72
10 361.0 335.0 72
29 367.0 272.0 72
97 370.67 269.67 72
29 367.0 272.0 73
11 373.0 209.0 73
81 375.5 237.0 73
97 370.67 269.67 73
13 380.0 169.0 74
82 376.5 189.0 74
98 371.0 163.0 74
50 370.0 140.0 74
82 376.5 189.0 75
11 373.0 209.0 75
31 366.5 160.0 75
98 371.0 163.0 75
31 366.5 160.0 76
9 360.0 111.0 76
50 370.0 140.0 76
98 371.0 163.0 76
16 411.0 387.0 77
99 386.0 361.0 77
100 390.67 342.67 77
52 405.5 346.5 77
99 386.0 361.0 78
10 361.0 335.0 78
68 380.5 320.5 78
100 390.67 342.67 78
68 380.5 320.5 79
15 400.0 306.0 79
52 405.5 346.5 79
100 390.67 342.67 79
16 411.0 387.0 80
101 365.5 373.0 80
102 364.0 360.33 80
99 386.0 361.0 80
101 365.5 373.0 81
5 320.0 359.0 81
76 340.5 347.0 81
102 364.0 360.33 81
76 340.5 347.0 82
10 361.0 335.0 82
99 386.0 361.0 82
102 364.0 360.33 82
16 411.0 387.0 83
103 338.0 365.5 83
104 332.0 363.33 83
101 365.5 373.0 83
103 338.0 365.5 84
0 265.0 344.0 84
37 292.5 351.5 84
104 332.0 363.33 84
37 292.5 351.5 85
5 320.0 359.0 85
101 365.5 373.0 85
104 332.0 363.33 85
17 416.0 270.0 86
55 406.0 250.5 86
105 397.33 223.33 86
47 398.0 219.5 86
55 406.0 250.5 87
14 396.0 231.0 87
80 388.0 200.0 87
105 397.33 223.33 87
80 388.0 200.0 88
13 380.0 169.0 88
47 398.0 219.5 88
105 397.33 223.33 88
19 443.0 185.0 89
36 429.5 227.5 89
106 426.67 197.33 89
66 432.0 161.0 89
36 429.5 227.5 90
17 416.0 270.0 90
49 418.5 203.5 90
106 426.67 197.33 90
49 418.5 203.5 91
18 421.0 137.0 91
66 432.0 161.0 91
106 426.67 197.33 91
21 454.0 315.0 92
63 432.5 351.0 92
107 436.0 314.33 92
56 448.5 278.0 92
63 432.5 351.0 93
16 411.0 387.0 93
32 427.0 314.0 93
107 436.0 314.33 93
32 427.0 314.0 94
20 443.0 241.0 94
56 448.5 278.0 94
107 436.0 314.33 94
23 489.0 285.0 95
64 471.5 300.0 95
108 477.0 278.0 95
109 488.5 259.5 95
64 471.5 300.0 96
21 454.0 315.0 96
58 471.0 274.5 96
108 477.0 278.0 96
58 471.0 274.5 97
22 488.0 234.0 97
109 488.5 259.5 97
108 477.0 278.0 97
24 497.0 355.0 98
62 493.0 320.0 98
110 491.33 291.33 98
45 492.5 294.5 98
62 493.0 320.0 99
23 489.0 285.0 99
109 488.5 259.5 99
110 491.33 291.33 99
109 488.5 259.5 100
22 488.0 234.0 100
45 492.5 294.5 100
110 491.33 291.33 100
25 510.0 166.0 101
67 465.5 151.5 101
111 430.33 138.0 101
112 435.0 138.5 101
67 465.5 151.5 102
18 421.0 137.0 102
51 390.5 124.0 102
111 430.33 138.0 102
51 390.5 124.0 103
9 360.0 111.0 103
112 435.0 138.5 103
111 430.33 138.0 103
