V x y Q
71 846.0 960.0 0
90 843.5 959.5 0
91 842.5 540.0 0
92 859.0 548.5 0
90 843.5 959.5 1
70 841.0 959.0 1
93 826.0 531.5 1
91 842.5 540.0 1
93 826.0 531.5 2
65 811.0 104.0 2
94 841.5 120.5 2
91 842.5 540.0 2
94 841.5 120.5 3
72 872.0 137.0 3
92 859.0 548.5 3
91 842.5 540.0 3
79 906.0 779.0 4
95 900.5 879.5 4
96 900.75 633.25 4
97 906.0 459.0 4
95 900.5 879.5 5
75 895.0 980.0 5
98 895.5 807.5 5
96 900.75 633.25 5
98 895.5 807.5 6
76 896.0 635.0 6
99 901.0 387.0 6
96 900.75 633.25 6
99 901.0 387.0 7
78 906.0 139.0 7
97 906.0 459.0 7
96 900.75 633.25 7
38 457.0 280.0 8
100 432.5 597.0 8
101 428.75 434.25 8
102 447.0 177.5 8
100 432.5 597.0 9
35 408.0 914.0 9
103 410.5 691.0 9
101 428.75 434.25 9
103 410.5 691.0 10
36 413.0 468.0 10
104 425.0 271.5 10
101 428.75 434.25 10
104 425.0 271.5 11
37 437.0 75.0 11
102 447.0 177.5 11
101 428.75 434.25 11
7 92.0 871.0 12
105 77.5 761.0 12
106 72.5 450.5 12
107 99.0 556.5 12
105 77.5 761.0 13
5 63.0 651.0 13
108 46.0 344.5 13
106 72.5 450.5 13
108 46.0 344.5 14
1 29.0 38.0 14
109 67.5 140.0 14
106 72.5 450.5 14
109 67.5 140.0 15
8 106.0 242.0 15
107 99.0 556.5 15
106 72.5 450.5 15
17 170.0 800.0 16
110 149.0 832.5 16
111 152.25 533.75 16
112 168.0 419.0 16
110 149.0 832.5 17
12 128.0 865.0 17
113 136.5 648.5 17
111 152.25 533.75 17
113 136.5 648.5 18
15 145.0 432.0 18
114 155.5 235.0 18
111 152.25 533.75 18
114 155.5 235.0 19
16 166.0 38.0 19
112 168.0 419.0 19
111 152.25 533.75 19
66 816.0 927.0 20
115 812.5 879.0 20
116 814.5 660.5 20
117 819.0 853.5 20
115 812.5 879.0 21
64 809.0 831.0 21
118 810.0 467.5 21
116 814.5 660.5 21
118 810.0 467.5 22
65 811.0 104.0 22
119 816.5 442.0 22
116 814.5 660.5 22
119 816.5 442.0 23
67 822.0 780.0 23
117 819.0 853.5 23
116 814.5 660.5 23
69 837.0 901.0 24
120 835.0 853.5 24
121 830.5 692.5 24
122 839.0 930.0 24
120 835.0 853.5 25
68 833.0 806.0 25
123 822.0 455.0 25
121 830.5 692.5 25
123 822.0 455.0 26
65 811.0 104.0 26
93 826.0 531.5 26
121 830.5 692.5 26
93 826.0 531.5 27
70 841.0 959.0 27
122 839.0 930.0 27
121 830.5 692.5 27
89 997.0 647.0 28
124 961.5 809.5 28
125 965.0 593.5 28
126 991.0 418.5 28
124 961.5 809.5 29
83 926.0 972.0 29
127 939.0 768.5 29
125 965.0 593.5 29
127 939.0 768.5 30
86 952.0 565.0 30
128 968.5 377.5 30
125 965.0 593.5 30
128 968.5 377.5 31
88 985.0 190.0 31
126 991.0 418.5 31
125 965.0 593.5 31
75 895.0 980.0 32
129 885.0 867.0 32
130 886.0 648.0 32
98 895.5 807.5 32
129 885.0 867.0 33
73 875.0 754.0 33
131 876.5 488.5 33
130 886.0 648.0 33
131 876.5 488.5 34
74 878.0 223.0 34
132 887.0 429.0 34
130 886.0 648.0 34
132 887.0 429.0 35
76 896.0 635.0 35
98 895.5 807.5 35
130 886.0 648.0 35
59 777.0 834.0 36
133 724.5 716.0 36
134 746.5 458.5 36
135 786.0 567.0 36
133 724.5 716.0 37
56 672.0 598.0 37
136 707.0 350.0 37
134 746.5 458.5 37
136 707.0 350.0 38
58 742.0 102.0 38
137 768.5 201.0 38
134 746.5 458.5 38
137 768.5 201.0 39
60 795.0 300.0 39
135 786.0 567.0 39
134 746.5 458.5 39
80 911.0 855.0 40
138 908.5 817.0 40
139 909.5 647.25 40
140 913.0 835.5 40
138 908.5 817.0 41
79 906.0 779.0 41
97 906.0 459.0 41
139 909.5 647.25 41
97 906.0 459.0 42
78 906.0 139.0 42
141 910.5 477.5 42
139 909.5 647.25 42
141 910.5 477.5 43
81 915.0 816.0 43
140 913.0 835.5 43
139 909.5 647.25 43
25 308.0 642.0 44
142 291.5 691.5 44
143 274.75 437.5 44
144 304.5 334.0 44
142 291.5 691.5 45
23 275.0 741.0 45
145 245.0 541.0 45
143 274.75 437.5 45
145 245.0 541.0 46
20 215.0 341.0 46
146 258.0 183.5 46
143 274.75 437.5 46
146 258.0 183.5 47
24 301.0 26.0 47
144 304.5 334.0 47
143 274.75 437.5 47
62 803.0 980.0 48
147 790.0 907.0 48
148 796.75 706.75 48
149 803.5 857.5 48
147 790.0 907.0 49
59 777.0 834.0 49
150 790.0 556.0 49
148 796.75 706.75 49
150 790.0 556.0 50
61 803.0 278.0 50
151 803.5 506.5 50
148 796.75 706.75 50
151 803.5 506.5 51
63 804.0 735.0 51
149 803.5 857.5 51
148 796.75 706.75 51
30 341.0 255.0 52
152 325.0 593.0 52
153 324.5 464.75 52
154 334.0 249.5 52
152 325.0 593.0 53
26 309.0 931.0 53
155 315.0 680.0 53
153 324.5 464.75 53
155 315.0 680.0 54
28 321.0 429.0 54
156 324.0 336.5 54
153 324.5 464.75 54
156 324.0 336.5 55
29 327.0 244.0 55
154 334.0 249.5 55
153 324.5 464.75 55
3 38.0 417.0 56
157 35.5 561.0 56
158 27.5 294.75 56
159 33.5 227.5 56
157 35.5 561.0 57
2 33.0 705.0 57
160 21.5 362.0 57
158 27.5 294.75 57
160 21.5 362.0 58
0 10.0 19.0 58
161 19.5 28.5 58
158 27.5 294.75 58
161 19.5 28.5 59
1 29.0 38.0 59
159 33.5 227.5 59
158 27.5 294.75 59
12 128.0 865.0 60
162 122.5 796.5 60
163 120.0 633.0 60
164 128.5 781.0 60
162 122.5 796.5 61
11 117.0 728.0 61
165 111.5 485.0 61
163 120.0 633.0 61
165 111.5 485.0 62
8 106.0 242.0 62
166 117.5 469.5 62
163 120.0 633.0 62
166 117.5 469.5 63
13 129.0 697.0 63
164 128.5 781.0 63
163 120.0 633.0 63
45 522.0 921.0 64
167 510.0 893.5 64
168 516.25 734.0 64
169 524.5 885.0 64
167 510.0 893.5 65
43 498.0 866.0 65
170 508.0 583.0 65
168 516.25 734.0 65
170 508.0 583.0 66
44 518.0 300.0 66
171 522.5 574.5 66
168 516.25 734.0 66
171 522.5 574.5 67
46 527.0 849.0 67
169 524.5 885.0 67
168 516.25 734.0 67
73 875.0 754.0 68
172 860.5 857.0 68
173 867.75 518.5 68
131 876.5 488.5 68
172 860.5 857.0 69
71 846.0 960.0 69
92 859.0 548.5 69
173 867.75 518.5 69
92 859.0 548.5 70
72 872.0 137.0 70
174 875.0 180.0 70
173 867.75 518.5 70
174 875.0 180.0 71
74 878.0 223.0 71
131 876.5 488.5 71
173 867.75 518.5 71
82 924.0 753.0 72
175 919.5 784.5 72
176 918.0 599.0 72
177 925.5 720.5 72
175 919.5 784.5 73
81 915.0 816.0 73
141 910.5 477.5 73
176 918.0 599.0 73
141 910.5 477.5 74
78 906.0 139.0 74
178 916.5 413.5 74
176 918.0 599.0 74
178 916.5 413.5 75
84 927.0 688.0 75
177 925.5 720.5 75
176 918.0 599.0 75
22 227.0 974.0 76
179 198.5 887.0 76
180 224.25 730.75 76
181 251.0 857.5 76
179 198.5 887.0 77
17 170.0 800.0 77
182 197.5 604.0 77
180 224.25 730.75 77
182 197.5 604.0 78
21 225.0 408.0 78
183 250.0 574.5 78
180 224.25 730.75 78
183 250.0 574.5 79
23 275.0 741.0 79
181 251.0 857.5 79
180 224.25 730.75 79
64 809.0 831.0 80
184 806.5 783.0 80
185 806.75 487.0 80
118 810.0 467.5 80
184 806.5 783.0 81
63 804.0 735.0 81
151 803.5 506.5 81
185 806.75 487.0 81
151 803.5 506.5 82
61 803.0 278.0 82
186 807.0 191.0 82
185 806.75 487.0 82
186 807.0 191.0 83
65 811.0 104.0 83
118 810.0 467.5 83
185 806.75 487.0 83
32 382.0 800.0 84
187 371.5 691.0 84
188 370.25 525.5 84
189 389.5 632.5 84
187 371.5 691.0 85
31 361.0 582.0 85
190 351.0 418.5 85
188 370.25 525.5 85
190 351.0 418.5 86
30 341.0 255.0 86
191 369.0 360.0 86
188 370.25 525.5 86
191 369.0 360.0 87
33 397.0 465.0 87
189 389.5 632.5 87
188 370.25 525.5 87
35 408.0 914.0 88
192 395.0 857.0 88
193 402.5 637.75 88
103 410.5 691.0 88
192 395.0 857.0 89
32 382.0 800.0 89
194 394.5 584.5 89
193 402.5 637.75 89
194 394.5 584.5 90
34 407.0 369.0 90
195 410.0 418.5 90
193 402.5 637.75 90
195 410.0 418.5 91
36 413.0 468.0 91
103 410.5 691.0 91
193 402.5 637.75 91
41 481.0 367.0 92
196 470.5 549.5 92
197 465.25 397.75 92
198 472.0 289.5 92
196 470.5 549.5 93
39 460.0 732.0 93
199 458.5 506.0 93
197 465.25 397.75 93
199 458.5 506.0 94
38 457.0 280.0 94
200 460.0 246.0 94
197 465.25 397.75 94
200 460.0 246.0 95
40 463.0 212.0 95
198 472.0 289.5 95
197 465.25 397.75 95
27 315.0 543.0 96
201 311.5 592.5 96
202 311.25 410.0 96
203 318.0 486.0 96
201 311.5 592.5 97
25 308.0 642.0 97
144 304.5 334.0 97
202 311.25 410.0 97
144 304.5 334.0 98
24 301.0 26.0 98
204 311.0 227.5 98
202 311.25 410.0 98
204 311.0 227.5 99
28 321.0 429.0 99
203 318.0 486.0 99
202 311.25 410.0 99
15 145.0 432.0 100
113 136.5 648.5 100
205 133.5 585.5 100
206 138.5 390.0 100
113 136.5 648.5 101
12 128.0 865.0 101
164 128.5 781.0 101
205 133.5 585.5 101
164 128.5 781.0 102
13 129.0 697.0 102
207 130.5 522.5 102
205 133.5 585.5 102
207 130.5 522.5 103
14 132.0 348.0 103
206 138.5 390.0 103
205 133.5 585.5 103
10 112.0 740.0 104
208 109.5 739.5 104
209 110.5 612.25 104
210 114.5 734.0 104
208 109.5 739.5 105
9 107.0 739.0 105
211 106.5 490.5 105
209 110.5 612.25 105
211 106.5 490.5 106
8 106.0 242.0 106
165 111.5 485.0 106
209 110.5 612.25 106
165 111.5 485.0 107
11 117.0 728.0 107
210 114.5 734.0 107
209 110.5 612.25 107
53 580.0 665.0 108
212 578.0 618.5 108
213 580.75 516.75 108
214 585.5 656.0 108
212 578.0 618.5 109
51 576.0 572.0 109
215 576.0 377.5 109
213 580.75 516.75 109
215 576.0 377.5 110
52 576.0 183.0 110
216 583.5 415.0 110
213 580.75 516.75 110
216 583.5 415.0 111
54 591.0 647.0 111
214 585.5 656.0 111
213 580.75 516.75 111
33 397.0 465.0 112
191 369.0 360.0 112
217 361.5 278.75 112
218 402.0 417.0 112
191 369.0 360.0 113
30 341.0 255.0 113
219 321.0 140.5 113
217 361.5 278.75 113
219 321.0 140.5 114
24 301.0 26.0 114
220 354.0 197.5 114
217 361.5 278.75 114
220 354.0 197.5 115
34 407.0 369.0 115
218 402.0 417.0 115
217 361.5 278.75 115
58 742.0 102.0 116
221 589.5 88.5 116
222 572.75 76.75 116
223 776.5 103.0 116
221 589.5 88.5 117
37 437.0 75.0 117
224 369.0 50.5 117
222 572.75 76.75 117
224 369.0 50.5 118
24 301.0 26.0 118
225 556.0 65.0 118
222 572.75 76.75 118
225 556.0 65.0 119
65 811.0 104.0 119
223 776.5 103.0 119
222 572.75 76.75 119
43 498.0 866.0 120
226 479.0 799.0 120
227 493.25 580.25 120
170 508.0 583.0 120
226 479.0 799.0 121
39 460.0 732.0 121
228 478.5 577.5 121
227 493.25 580.25 121
228 478.5 577.5 122
42 497.0 423.0 122
229 507.5 361.5 122
227 493.25 580.25 122
229 507.5 361.5 123
44 518.0 300.0 123
170 508.0 583.0 123
227 493.25 580.25 123
19 214.0 476.0 124
230 192.5 280.5 124
231 191.5 235.0 124
232 214.5 408.5 124
230 192.5 280.5 125
18 171.0 85.0 125
233 168.5 61.5 125
231 191.5 235.0 125
233 168.5 61.5 126
16 166.0 38.0 126
234 190.5 189.5 126
231 191.5 235.0 126
234 190.5 189.5 127
20 215.0 341.0 127
232 214.5 408.5 127
231 191.5 235.0 127
4 41.0 854.0 128
235 37.0 779.5 128
236 43.75 656.75 128
237 52.0 752.5 128
235 37.0 779.5 129
2 33.0 705.0 129
157 35.5 561.0 129
236 43.75 656.75 129
157 35.5 561.0 130
3 38.0 417.0 130
238 50.5 534.0 130
236 43.75 656.75 130
238 50.5 534.0 131
5 63.0 651.0 131
237 52.0 752.5 131
236 43.75 656.75 131
86 952.0 565.0 132
239 939.5 626.5 132
240 935.25 434.5 132
241 954.0 455.5 132
239 939.5 626.5 133
84 927.0 688.0 133
178 916.5 413.5 133
240 935.25 434.5 133
178 916.5 413.5 134
78 906.0 139.0 134
242 931.0 242.5 134
240 935.25 434.5 134
242 931.0 242.5 135
87 956.0 346.0 135
241 954.0 455.5 135
240 935.25 434.5 135
49 546.0 449.0 136
243 536.5 649.0 136
244 536.25 591.25 136
245 544.5 442.5 136
243 536.5 649.0 137
46 527.0 849.0 137
246 528.0 740.0 137
244 536.25 591.25 137
246 528.0 740.0 138
47 529.0 631.0 138
247 536.0 533.5 138
244 536.25 591.25 138
247 536.0 533.5 139
48 543.0 436.0 139
245 544.5 442.5 139
244 536.25 591.25 139
59 777.0 834.0 140
248 649.5 877.5 140
249 640.5 750.0 140
133 724.5 716.0 140
248 649.5 877.5 141
45 522.0 921.0 141
250 556.5 784.0 141
249 640.5 750.0 141
250 556.5 784.0 142
54 591.0 647.0 142
251 631.5 622.5 142
249 640.5 750.0 142
251 631.5 622.5 143
56 672.0 598.0 143
133 724.5 716.0 143
249 640.5 750.0 143
26 309.0 931.0 144
252 268.0 952.5 144
253 279.75 822.0 144
254 308.5 786.5 144
252 268.0 952.5 145
22 227.0 974.0 145
181 251.0 857.5 145
253 279.75 822.0 145
181 251.0 857.5 146
23 275.0 741.0 146
142 291.5 691.5 146
253 279.75 822.0 146
142 291.5 691.5 147
25 308.0 642.0 147
254 308.5 786.5 147
253 279.75 822.0 147
62 803.0 980.0 148
255 515.0 977.0 148
256 490.0 947.25 148
257 662.5 950.5 148
255 515.0 977.0 149
22 227.0 974.0 149
258 317.5 944.0 149
256 490.0 947.25 149
258 317.5 944.0 150
35 408.0 914.0 150
259 465.0 917.5 150
256 490.0 947.25 150
259 465.0 917.5 151
45 522.0 921.0 151
257 662.5 950.5 151
256 490.0 947.25 151
56 672.0 598.0 152
251 631.5 622.5 152
260 623.5 448.75 152
261 663.5 482.5 152
251 631.5 622.5 153
54 591.0 647.0 153
216 583.5 415.0 153
260 623.5 448.75 153
216 583.5 415.0 154
52 576.0 183.0 154
262 615.5 275.0 154
260 623.5 448.75 154
262 615.5 275.0 155
55 655.0 367.0 155
261 663.5 482.5 155
260 623.5 448.75 155
85 927.0 933.0 156
263 926.5 952.5 156
264 926.0 836.5 156
265 927.0 810.5 156
263 926.5 952.5 157
83 926.0 972.0 157
266 925.0 862.5 157
264 926.0 836.5 157
266 925.0 862.5 158
82 924.0 753.0 158
177 925.5 720.5 158
264 926.0 836.5 158
177 925.5 720.5 159
84 927.0 688.0 159
265 927.0 810.5 159
264 926.0 836.5 159
51 576.0 572.0 160
267 561.0 510.5 160
268 554.0 376.0 160
215 576.0 377.5 160
267 561.0 510.5 161
49 546.0 449.0 161
269 532.0 374.5 161
268 554.0 376.0 161
269 532.0 374.5 162
44 518.0 300.0 162
270 547.0 241.5 162
268 554.0 376.0 162
270 547.0 241.5 163
52 576.0 183.0 163
215 576.0 377.5 163
268 554.0 376.0 163
6 69.0 919.0 164
271 55.0 886.5 164
272 66.25 823.75 164
273 80.5 895.0 164
271 55.0 886.5 165
4 41.0 854.0 165
237 52.0 752.5 165
272 66.25 823.75 165
237 52.0 752.5 166
5 63.0 651.0 166
105 77.5 761.0 166
272 66.25 823.75 166
105 77.5 761.0 167
7 92.0 871.0 167
273 80.5 895.0 167
272 66.25 823.75 167
54 591.0 647.0 168
250 556.5 784.0 168
274 565.5 733.0 168
214 585.5 656.0 168
250 556.5 784.0 169
45 522.0 921.0 169
275 545.5 810.0 169
274 565.5 733.0 169
275 545.5 810.0 170
50 569.0 699.0 170
276 574.5 682.0 170
274 565.5 733.0 170
276 574.5 682.0 171
53 580.0 665.0 171
214 585.5 656.0 171
274 565.5 733.0 171
50 569.0 699.0 172
277 548.0 774.0 172
278 554.5 642.25 172
279 572.5 635.5 172
277 548.0 774.0 173
46 527.0 849.0 173
243 536.5 649.0 173
278 554.5 642.25 173
243 536.5 649.0 174
49 546.0 449.0 174
267 561.0 510.5 174
278 554.5 642.25 174
267 561.0 510.5 175
51 576.0 572.0 175
279 572.5 635.5 175
278 554.5 642.25 175
57 684.0 406.0 176
280 669.5 386.5 176
281 664.25 264.5 176
282 713.0 254.0 176
280 669.5 386.5 177
55 655.0 367.0 177
262 615.5 275.0 177
281 664.25 264.5 177
262 615.5 275.0 178
52 576.0 183.0 178
283 659.0 142.5 178
281 664.25 264.5 178
283 659.0 142.5 179
58 742.0 102.0 179
282 713.0 254.0 179
281 664.25 264.5 179
44 518.0 300.0 180
284 490.5 256.0 180
285 498.5 192.5 180
270 547.0 241.5 180
284 490.5 256.0 181
40 463.0 212.0 181
286 450.0 143.5 181
285 498.5 192.5 181
286 450.0 143.5 182
37 437.0 75.0 182
287 506.5 129.0 182
285 498.5 192.5 182
287 506.5 129.0 183
52 576.0 183.0 183
270 547.0 241.5 183
285 498.5 192.5 183
42 497.0 423.0 184
288 489.0 395.0 184
289 489.75 325.5 184
229 507.5 361.5 184
288 489.0 395.0 185
41 481.0 367.0 185
198 472.0 289.5 185
289 489.75 325.5 185
198 472.0 289.5 186
40 463.0 212.0 186
284 490.5 256.0 186
289 489.75 325.5 186
284 490.5 256.0 187
44 518.0 300.0 187
229 507.5 361.5 187
289 489.75 325.5 187
61 803.0 278.0 188
290 799.0 289.0 188
291 787.75 196.0 188
186 807.0 191.0 188
290 799.0 289.0 189
60 795.0 300.0 189
137 768.5 201.0 189
291 787.75 196.0 189
137 768.5 201.0 190
58 742.0 102.0 190
223 776.5 103.0 190
291 787.75 196.0 190
223 776.5 103.0 191
65 811.0 104.0 191
186 807.0 191.0 191
291 787.75 196.0 191
16 166.0 38.0 192
292 97.5 38.0 192
293 126.5 30.25 192
294 233.5 32.0 192
292 97.5 38.0 193
1 29.0 38.0 193
161 19.5 28.5 193
293 126.5 30.25 193
161 19.5 28.5 194
0 10.0 19.0 194
295 155.5 22.5 194
293 126.5 30.25 194
295 155.5 22.5 195
24 301.0 26.0 195
294 233.5 32.0 195
293 126.5 30.25 195
12 128.0 865.0 196
296 110.0 868.0 196
297 112.25 801.0 196
162 122.5 796.5 196
296 110.0 868.0 197
7 92.0 871.0 197
298 102.0 805.5 197
297 112.25 801.0 197
298 102.0 805.5 198
10 112.0 740.0 198
210 114.5 734.0 198
297 112.25 801.0 198
210 114.5 734.0 199
11 117.0 728.0 199
162 122.5 796.5 199
297 112.25 801.0 199
69 837.0 901.0 200
299 826.5 914.0 200
300 827.0 853.5 200
120 835.0 853.5 200
299 826.5 914.0 201
66 816.0 927.0 201
117 819.0 853.5 201
300 827.0 853.5 201
117 819.0 853.5 202
67 822.0 780.0 202
301 827.5 793.0 202
300 827.0 853.5 202
301 827.5 793.0 203
68 833.0 806.0 203
120 835.0 853.5 203
300 827.0 853.5 203
83 926.0 972.0 204
302 918.5 913.5 204
303 919.0 849.0 204
266 925.0 862.5 204
302 918.5 913.5 205
80 911.0 855.0 205
140 913.0 835.5 205
303 919.0 849.0 205
140 913.0 835.5 206
81 915.0 816.0 206
175 919.5 784.5 206
303 919.0 849.0 206
175 919.5 784.5 207
82 924.0 753.0 207
266 925.0 862.5 207
303 919.0 849.0 207
70 841.0 959.0 208
304 822.0 969.5 208
305 824.25 941.75 208
122 839.0 930.0 208
304 822.0 969.5 209
62 803.0 980.0 209
306 809.5 953.5 209
305 824.25 941.75 209
306 809.5 953.5 210
66 816.0 927.0 210
299 826.5 914.0 210
305 824.25 941.75 210
299 826.5 914.0 211
69 837.0 901.0 211
122 839.0 930.0 211
305 824.25 941.75 211
22 227.0 974.0 212
307 148.0 946.5 212
308 129.0 907.25 212
309 177.5 919.5 212
307 148.0 946.5 213
6 69.0 919.0 213
273 80.5 895.0 213
308 129.0 907.25 213
273 80.5 895.0 214
7 92.0 871.0 214
296 110.0 868.0 214
308 129.0 907.25 214
296 110.0 868.0 215
12 128.0 865.0 215
309 177.5 919.5 215
308 129.0 907.25 215
75 895.0 980.0 216
310 849.0 980.0 216
311 846.25 969.75 216
312 870.5 970.0 216
310 849.0 980.0 217
62 803.0 980.0 217
304 822.0 969.5 217
311 846.25 969.75 217
304 822.0 969.5 218
70 841.0 959.0 218
90 843.5 959.5 218
311 846.25 969.75 218
90 843.5 959.5 219
71 846.0 960.0 219
312 870.5 970.0 219
311 846.25 969.75 219
5 63.0 651.0 220
238 50.5 534.0 220
313 43.33 368.67 220
108 46.0 344.5 220
238 50.5 534.0 221
3 38.0 417.0 221
159 33.5 227.5 221
313 43.33 368.67 221
159 33.5 227.5 222
1 29.0 38.0 222
108 46.0 344.5 222
313 43.33 368.67 222
9 107.0 739.0 223
314 99.5 805.0 223
315 101.67 617.33 223
211 106.5 490.5 223
314 99.5 805.0 224
7 92.0 871.0 224
107 99.0 556.5 224
315 101.67 617.33 224
107 99.0 556.5 225
8 106.0 242.0 225
211 106.5 490.5 225
315 101.67 617.33 225
10 112.0 740.0 226
298 102.0 805.5 226
316 103.67 783.33 226
208 109.5 739.5 226
298 102.0 805.5 227
7 92.0 871.0 227
314 99.5 805.0 227
316 103.67 783.33 227
314 99.5 805.0 228
9 107.0 739.0 228
208 109.5 739.5 228
316 103.67 783.33 228
14 132.0 348.0 229
207 130.5 522.5 229
317 122.33 429.0 229
318 119.0 295.0 229
207 130.5 522.5 230
13 129.0 697.0 230
166 117.5 469.5 230
317 122.33 429.0 230
166 117.5 469.5 231
8 106.0 242.0 231
318 119.0 295.0 231
317 122.33 429.0 231
16 166.0 38.0 232
319 136.0 140.0 232
320 100.33 106.0 232
292 97.5 38.0 232
319 136.0 140.0 233
8 106.0 242.0 233
109 67.5 140.0 233
320 100.33 106.0 233
109 67.5 140.0 234
1 29.0 38.0 234
292 97.5 38.0 234
320 100.33 106.0 234
16 166.0 38.0 235
321 149.0 193.0 235
322 134.67 209.33 235
319 136.0 140.0 235
321 149.0 193.0 236
14 132.0 348.0 236
318 119.0 295.0 236
322 134.67 209.33 236
318 119.0 295.0 237
8 106.0 242.0 237
319 136.0 140.0 237
322 134.67 209.33 237
16 166.0 38.0 238
114 155.5 235.0 238
323 147.67 272.67 238
321 149.0 193.0 238
114 155.5 235.0 239
15 145.0 432.0 239
206 138.5 390.0 239
323 147.67 272.67 239
206 138.5 390.0 240
14 132.0 348.0 240
321 149.0 193.0 240
323 147.67 272.67 240
18 171.0 85.0 241
324 170.5 442.5 241
325 169.0 307.67 241
233 168.5 61.5 241
324 170.5 442.5 242
17 170.0 800.0 242
112 168.0 419.0 242
325 169.0 307.67 242
112 168.0 419.0 243
16 166.0 38.0 243
233 168.5 61.5 243
325 169.0 307.67 243
19 214.0 476.0 244
326 192.0 638.0 244
327 185.0 453.67 244
230 192.5 280.5 244
326 192.0 638.0 245
17 170.0 800.0 245
324 170.5 442.5 245
327 185.0 453.67 245
324 170.5 442.5 246
18 171.0 85.0 246
230 192.5 280.5 246
327 185.0 453.67 246
21 225.0 408.0 247
328 219.5 442.0 247
329 218.0 408.33 247
330 220.0 374.5 247
328 219.5 442.0 248
19 214.0 476.0 248
232 214.5 408.5 248
329 218.0 408.33 248
232 214.5 408.5 249
20 215.0 341.0 249
330 220.0 374.5 249
329 218.0 408.33 249
21 225.0 408.0 250
182 197.5 604.0 250
331 203.0 561.33 250
328 219.5 442.0 250
182 197.5 604.0 251
17 170.0 800.0 251
326 192.0 638.0 251
331 203.0 561.33 251
326 192.0 638.0 252
19 214.0 476.0 252
328 219.5 442.0 252
331 203.0 561.33 252
22 227.0 974.0 253
309 177.5 919.5 253
332 175.0 879.67 253
179 198.5 887.0 253
309 177.5 919.5 254
12 128.0 865.0 254
110 149.0 832.5 254
332 175.0 879.67 254
110 149.0 832.5 255
17 170.0 800.0 255
179 198.5 887.0 255
332 175.0 879.67 255
23 275.0 741.0 256
183 250.0 574.5 256
333 238.33 496.67 256
145 245.0 541.0 256
183 250.0 574.5 257
21 225.0 408.0 257
330 220.0 374.5 257
333 238.33 496.67 257
330 220.0 374.5 258
20 215.0 341.0 258
145 245.0 541.0 258
333 238.33 496.67 258
24 301.0 26.0 259
146 258.0 183.5 259
334 227.33 135.0 259
294 233.5 32.0 259
146 258.0 183.5 260
20 215.0 341.0 260
234 190.5 189.5 260
334 227.33 135.0 260
234 190.5 189.5 261
16 166.0 38.0 261
294 233.5 32.0 261
334 227.33 135.0 261
27 315.0 543.0 262
335 312.0 737.0 262
336 310.67 705.33 262
201 311.5 592.5 262
335 312.0 737.0 263
26 309.0 931.0 263
254 308.5 786.5 263
336 310.67 705.33 263
254 308.5 786.5 264
25 308.0 642.0 264
201 311.5 592.5 264
336 310.67 705.33 264
28 321.0 429.0 265
155 315.0 680.0 265
337 315.0 634.33 265
203 318.0 486.0 265
155 315.0 680.0 266
26 309.0 931.0 266
335 312.0 737.0 266
337 315.0 634.33 266
335 312.0 737.0 267
27 315.0 543.0 267
203 318.0 486.0 267
337 315.0 634.33 267
29 327.0 244.0 268
156 324.0 336.5 268
338 316.33 233.0 268
339 314.0 135.0 268
156 324.0 336.5 269
28 321.0 429.0 269
204 311.0 227.5 269
338 316.33 233.0 269
204 311.0 227.5 270
24 301.0 26.0 270
339 314.0 135.0 270
338 316.33 233.0 270
30 341.0 255.0 271
154 334.0 249.5 271
340 323.0 175.0 271
219 321.0 140.5 271
154 334.0 249.5 272
29 327.0 244.0 272
339 314.0 135.0 272
340 323.0 175.0 272
339 314.0 135.0 273
24 301.0 26.0 273
219 321.0 140.5 273
340 323.0 175.0 273
31 361.0 582.0 274
341 335.0 756.5 274
342 337.0 589.33 274
190 351.0 418.5 274
341 335.0 756.5 275
26 309.0 931.0 275
152 325.0 593.0 275
342 337.0 589.33 275
152 325.0 593.0 276
30 341.0 255.0 276
190 351.0 418.5 276
342 337.0 589.33 276
32 382.0 800.0 277
343 345.5 865.5 277
344 350.67 771.0 277
187 371.5 691.0 277
343 345.5 865.5 278
26 309.0 931.0 278
341 335.0 756.5 278
344 350.67 771.0 278
341 335.0 756.5 279
31 361.0 582.0 279
187 371.5 691.0 279
344 350.67 771.0 279
34 407.0 369.0 280
194 394.5 584.5 280
345 395.33 544.67 280
218 402.0 417.0 280
194 394.5 584.5 281
32 382.0 800.0 281
189 389.5 632.5 281
345 395.33 544.67 281
189 389.5 632.5 282
33 397.0 465.0 282
218 402.0 417.0 282
345 395.33 544.67 282
35 408.0 914.0 283
346 358.5 922.5 283
347 366.33 881.67 283
192 395.0 857.0 283
346 358.5 922.5 284
26 309.0 931.0 284
343 345.5 865.5 284
347 366.33 881.67 284
343 345.5 865.5 285
32 382.0 800.0 285
192 395.0 857.0 285
347 366.33 881.67 285
35 408.0 914.0 286
258 317.5 944.0 286
348 314.67 939.67 286
346 358.5 922.5 286
258 317.5 944.0 287
22 227.0 974.0 287
252 268.0 952.5 287
348 314.67 939.67 287
252 268.0 952.5 288
26 309.0 931.0 288
346 358.5 922.5 288
348 314.67 939.67 288
37 437.0 75.0 289
349 422.0 222.0 289
350 381.67 156.67 289
224 369.0 50.5 289
349 422.0 222.0 290
34 407.0 369.0 290
220 354.0 197.5 290
350 381.67 156.67 290
220 354.0 197.5 291
24 301.0 26.0 291
224 369.0 50.5 291
350 381.67 156.67 291
37 437.0 75.0 292
104 425.0 271.5 292
351 419.0 304.0 292
349 422.0 222.0 292
104 425.0 271.5 293
36 413.0 468.0 293
195 410.0 418.5 293
351 419.0 304.0 293
195 410.0 418.5 294
34 407.0 369.0 294
349 422.0 222.0 294
351 419.0 304.0 294
39 460.0 732.0 295
352 434.0 823.0 295
353 441.67 642.0 295
199 458.5 506.0 295
352 434.0 823.0 296
35 408.0 914.0 296
100 432.5 597.0 296
353 441.67 642.0 296
100 432.5 597.0 297
38 457.0 280.0 297
199 458.5 506.0 297
353 441.67 642.0 297
40 463.0 212.0 298
200 460.0 246.0 298
354 452.33 189.0 298
286 450.0 143.5 298
200 460.0 246.0 299
38 457.0 280.0 299
102 447.0 177.5 299
354 452.33 189.0 299
102 447.0 177.5 300
37 437.0 75.0 300
286 450.0 143.5 300
354 452.33 189.0 300
42 497.0 423.0 301
228 478.5 577.5 301
355 479.33 507.33 301
288 489.0 395.0 301
228 478.5 577.5 302
39 460.0 732.0 302
196 470.5 549.5 302
355 479.33 507.33 302
196 470.5 549.5 303
41 481.0 367.0 303
288 489.0 395.0 303
355 479.33 507.33 303
43 498.0 866.0 304
356 453.0 890.0 304
357 455.33 837.33 304
226 479.0 799.0 304
356 453.0 890.0 305
35 408.0 914.0 305
352 434.0 823.0 305
357 455.33 837.33 305
352 434.0 823.0 306
39 460.0 732.0 306
226 479.0 799.0 306
357 455.33 837.33 306
45 522.0 921.0 307
259 465.0 917.5 307
358 476.0 900.33 307
167 510.0 893.5 307
259 465.0 917.5 308
35 408.0 914.0 308
356 453.0 890.0 308
358 476.0 900.33 308
356 453.0 890.0 309
43 498.0 866.0 309
167 510.0 893.5 309
358 476.0 900.33 309
47 529.0 631.0 310
246 528.0 740.0 310
359 524.67 593.33 310
360 523.5 465.5 310
246 528.0 740.0 311
46 527.0 849.0 311
171 522.5 574.5 311
359 524.67 593.33 311
171 522.5 574.5 312
44 518.0 300.0 312
360 523.5 465.5 312
359 524.67 593.33 312
48 543.0 436.0 313
247 536.0 533.5 313
361 530.0 455.67 313
362 530.5 368.0 313
247 536.0 533.5 314
47 529.0 631.0 314
360 523.5 465.5 314
361 530.0 455.67 314
360 523.5 465.5 315
44 518.0 300.0 315
362 530.5 368.0 315
361 530.0 455.67 315
49 546.0 449.0 316
245 544.5 442.5 316
363 535.67 395.0 316
269 532.0 374.5 316
245 544.5 442.5 317
48 543.0 436.0 317
362 530.5 368.0 317
363 535.67 395.0 317
362 530.5 368.0 318
44 518.0 300.0 318
269 532.0 374.5 318
363 535.67 395.0 318
50 569.0 699.0 319
275 545.5 810.0 319
364 539.33 823.0 319
277 548.0 774.0 319
275 545.5 810.0 320
45 522.0 921.0 320
169 524.5 885.0 320
364 539.33 823.0 320
169 524.5 885.0 321
46 527.0 849.0 321
277 548.0 774.0 321
364 539.33 823.0 321
53 580.0 665.0 322
276 574.5 682.0 322
365 575.0 645.33 322
212 578.0 618.5 322
276 574.5 682.0 323
50 569.0 699.0 323
279 572.5 635.5 323
365 575.0 645.33 323
279 572.5 635.5 324
51 576.0 572.0 324
212 578.0 618.5 324
365 575.0 645.33 324
57 684.0 406.0 325
366 678.0 502.0 325
367 670.33 457.0 325
280 669.5 386.5 325
366 678.0 502.0 326
56 672.0 598.0 326
261 663.5 482.5 326
367 670.33 457.0 326
261 663.5 482.5 327
55 655.0 367.0 327
280 669.5 386.5 327
367 670.33 457.0 327
58 742.0 102.0 328
283 659.0 142.5 328
368 585.0 120.0 328
221 589.5 88.5 328
283 659.0 142.5 329
52 576.0 183.0 329
287 506.5 129.0 329
368 585.0 120.0 329
287 506.5 129.0 330
37 437.0 75.0 330
221 589.5 88.5 330
368 585.0 120.0 330
58 742.0 102.0 331
136 707.0 350.0 331
369 699.33 368.67 331
282 713.0 254.0 331
136 707.0 350.0 332
56 672.0 598.0 332
366 678.0 502.0 332
369 699.33 368.67 332
366 678.0 502.0 333
57 684.0 406.0 333
282 713.0 254.0 333
369 699.33 368.67 333
61 803.0 278.0 334
150 790.0 556.0 334
370 791.67 470.67 334
290 799.0 289.0 334
150 790.0 556.0 335
59 777.0 834.0 335
135 786.0 567.0 335
370 791.67 470.67 335
135 786.0 567.0 336
60 795.0 300.0 336
290 799.0 289.0 336
370 791.67 470.67 336
62 803.0 980.0 337
257 662.5 950.5 337
371 700.67 911.67 337
147 790.0 907.0 337
257 662.5 950.5 338
45 522.0 921.0 338
248 649.5 877.5 338
371 700.67 911.67 338
248 649.5 877.5 339
59 777.0 834.0 339
147 790.0 907.0 339
371 700.67 911.67 339
64 809.0 831.0 340
372 806.0 905.5 340
373 805.33 848.67 340
184 806.5 783.0 340
372 806.0 905.5 341
62 803.0 980.0 341
149 803.5 857.5 341
373 805.33 848.67 341
149 803.5 857.5 342
63 804.0 735.0 342
184 806.5 783.0 342
373 805.33 848.67 342
66 816.0 927.0 343
306 809.5 953.5 343
374 809.33 912.67 343
115 812.5 879.0 343
306 809.5 953.5 344
62 803.0 980.0 344
372 806.0 905.5 344
374 809.33 912.67 344
372 806.0 905.5 345
64 809.0 831.0 345
115 812.5 879.0 345
374 809.33 912.67 345
68 833.0 806.0 346
301 827.5 793.0 346
375 822.0 563.33 346
123 822.0 455.0 346
301 827.5 793.0 347
67 822.0 780.0 347
119 816.5 442.0 347
375 822.0 563.33 347
119 816.5 442.0 348
65 811.0 104.0 348
123 822.0 455.0 348
375 822.0 563.33 348
75 895.0 980.0 349
312 870.5 970.0 349
376 872.0 898.0 349
129 885.0 867.0 349
312 870.5 970.0 350
71 846.0 960.0 350
172 860.5 857.0 350
376 872.0 898.0 350
172 860.5 857.0 351
73 875.0 754.0 351
129 885.0 867.0 351
376 872.0 898.0 351
77 896.0 561.0 352
377 896.0 598.0 352
378 890.0 473.0 352
379 887.0 392.0 352
377 896.0 598.0 353
76 896.0 635.0 353
132 887.0 429.0 353
378 890.0 473.0 353
132 887.0 429.0 354
74 878.0 223.0 354
379 887.0 392.0 354
378 890.0 473.0 354
78 906.0 139.0 355
380 889.0 138.0 355
381 863.0 126.67 355
382 858.5 121.5 355
380 889.0 138.0 356
72 872.0 137.0 356
94 841.5 120.5 356
381 863.0 126.67 356
94 841.5 120.5 357
65 811.0 104.0 357
382 858.5 121.5 357
381 863.0 126.67 357
78 906.0 139.0 358
383 892.0 181.0 358
384 885.33 166.33 358
380 889.0 138.0 358
383 892.0 181.0 359
74 878.0 223.0 359
174 875.0 180.0 359
384 885.33 166.33 359
174 875.0 180.0 360
72 872.0 137.0 360
380 889.0 138.0 360
384 885.33 166.33 360
78 906.0 139.0 361
385 901.0 350.0 361
386 893.33 307.67 361
383 892.0 181.0 361
385 901.0 350.0 362
77 896.0 561.0 362
379 887.0 392.0 362
386 893.33 307.67 362
379 887.0 392.0 363
74 878.0 223.0 363
383 892.0 181.0 363
386 893.33 307.67 363
78 906.0 139.0 364
99 901.0 387.0 364
387 899.33 445.0 364
385 901.0 350.0 364
99 901.0 387.0 365
76 896.0 635.0 365
377 896.0 598.0 365
387 899.33 445.0 365
377 896.0 598.0 366
77 896.0 561.0 366
385 901.0 350.0 366
387 899.33 445.0 366
80 911.0 855.0 367
388 903.0 917.5 367
389 904.0 871.33 367
138 908.5 817.0 367
388 903.0 917.5 368
75 895.0 980.0 368
95 900.5 879.5 368
389 904.0 871.33 368
95 900.5 879.5 369
79 906.0 779.0 369
138 908.5 817.0 369
389 904.0 871.33 369
83 926.0 972.0 370
390 910.5 976.0 370
391 910.67 935.67 370
302 918.5 913.5 370
390 910.5 976.0 371
75 895.0 980.0 371
388 903.0 917.5 371
391 910.67 935.67 371
388 903.0 917.5 372
80 911.0 855.0 372
302 918.5 913.5 372
391 910.67 935.67 372
86 952.0 565.0 373
392 939.5 749.0 373
393 935.33 728.67 373
239 939.5 626.5 373
392 939.5 749.0 374
85 927.0 933.0 374
265 927.0 810.5 374
393 935.33 728.67 374
265 927.0 810.5 375
84 927.0 688.0 375
239 939.5 626.5 375
393 935.33 728.67 375
86 952.0 565.0 376
127 939.0 768.5 376
394 935.0 823.33 376
392 939.5 749.0 376
127 939.0 768.5 377
83 926.0 972.0 377
263 926.5 952.5 377
394 935.0 823.33 377
263 926.5 952.5 378
85 927.0 933.0 378
392 939.5 749.0 378
394 935.0 823.33 378
88 985.0 190.0 379
395 970.5 268.0 379
396 949.0 225.0 379
397 945.5 164.5 379
395 970.5 268.0 380
87 956.0 346.0 380
242 931.0 242.5 380
396 949.0 225.0 380
242 931.0 242.5 381
78 906.0 139.0 381
397 945.5 164.5 381
396 949.0 225.0 381
88 985.0 190.0 382
128 968.5 377.5 382
398 964.33 367.0 382
395 970.5 268.0 382
128 968.5 377.5 383
86 952.0 565.0 383
241 954.0 455.5 383
398 964.33 367.0 383
241 954.0 455.5 384
87 956.0 346.0 384
395 970.5 268.0 384
398 964.33 367.0 384
