V x y Q
7 1574.0 9998.0 0
50 1367.0 9612.0 0
51 1452.0 5326.5 0
52 1686.5 5638.0 0
50 1367.0 9612.0 1
5 1160.0 9226.0 1
53 1217.5 5015.0 1
51 1452.0 5326.5 1
53 1217.5 5015.0 2
6 1275.0 804.0 2
54 1537.0 1041.0 2
51 1452.0 5326.5 2
54 1537.0 1041.0 3
8 1799.0 1278.0 3
52 1686.5 5638.0 3
51 1452.0 5326.5 3
3 905.0 9844.0 4
55 706.0 9434.5 4
56 638.75 6802.0 4
57 934.0 8184.5 4
55 706.0 9434.5 5
2 507.0 9025.0 5
58 343.5 5419.5 5
56 638.75 6802.0 5
58 343.5 5419.5 6
1 180.0 1814.0 6
59 571.5 4169.5 6
56 638.75 6802.0 6
59 571.5 4169.5 7
4 963.0 6525.0 7
57 934.0 8184.5 7
56 638.75 6802.0 7
26 4610.0 9394.0 8
60 4539.5 7797.0 8
61 4555.5 4681.0 8
62 4640.5 5553.5 8
60 4539.5 7797.0 9
24 4469.0 6200.0 9
63 4470.5 3808.5 9
61 4555.5 4681.0 9
63 4470.5 3808.5 10
25 4472.0 1417.0 10
64 4571.5 1565.0 10
61 4555.5 4681.0 10
64 4571.5 1565.0 11
27 4671.0 1713.0 11
62 4640.5 5553.5 11
61 4555.5 4681.0 11
29 5355.0 9583.0 12
65 5022.0 6079.5 12
66 5075.25 4975.5 12
67 5470.5 7806.5 12
65 5022.0 6079.5 13
28 4689.0 2576.0 13
68 4680.0 2144.5 13
66 5075.25 4975.5 13
68 4680.0 2144.5 14
27 4671.0 1713.0 14
69 5128.5 3871.5 14
66 5075.25 4975.5 14
69 5128.5 3871.5 15
30 5586.0 6030.0 15
67 5470.5 7806.5 15
66 5075.25 4975.5 15
45 8894.0 6418.0 16
70 8682.5 7429.5 16
71 8557.0 4296.75 16
72 8759.0 3596.0 16
70 8682.5 7429.5 17
43 8471.0 8441.0 17
73 8355.0 4997.5 17
71 8557.0 4296.75 17
73 8355.0 4997.5 18
42 8239.0 1554.0 18
74 8431.5 1164.0 18
71 8557.0 4296.75 18
74 8431.5 1164.0 19
44 8624.0 774.0 19
72 8759.0 3596.0 19
71 8557.0 4296.75 19
32 6201.0 4201.0 20
75 5778.0 6892.0 20
76 5776.0 5548.0 20
77 6081.5 3289.5 20
75 5778.0 6892.0 21
29 5355.0 9583.0 21
67 5470.5 7806.5 21
76 5776.0 5548.0 21
67 5470.5 7806.5 22
30 5586.0 6030.0 22
78 5774.0 4204.0 22
76 5776.0 5548.0 22
78 5774.0 4204.0 23
31 5962.0 2378.0 23
77 6081.5 3289.5 23
76 5776.0 5548.0 23
42 8239.0 1554.0 24
79 7854.5 1699.5 24
80 6402.0 1244.25 24
74 8431.5 1164.0 24
79 7854.5 1699.5 25
38 7470.0 1845.0 25
81 4372.5 1324.5 25
80 6402.0 1244.25 25
81 4372.5 1324.5 26
6 1275.0 804.0 26
82 4949.5 789.0 26
80 6402.0 1244.25 26
82 4949.5 789.0 27
44 8624.0 774.0 27
74 8431.5 1164.0 27
80 6402.0 1244.25 27
10 1994.0 8195.0 28
83 1956.0 7597.0 28
84 1991.5 4763.75 28
85 2124.5 5389.0 28
83 1956.0 7597.0 29
9 1918.0 6999.0 29
86 1858.5 4138.5 29
84 1991.5 4763.75 29
86 1858.5 4138.5 30
8 1799.0 1278.0 30
87 2027.0 1930.5 30
84 1991.5 4763.75 30
87 2027.0 1930.5 31
11 2255.0 2583.0 31
85 2124.5 5389.0 31
84 1991.5 4763.75 31
23 4463.0 8645.0 32
88 4118.0 7817.0 32
89 4205.25 6097.5 32
90 4466.0 7422.5 32
88 4118.0 7817.0 33
21 3773.0 6989.0 33
91 3944.5 4772.5 33
89 4205.25 6097.5 33
91 3944.5 4772.5 34
22 4116.0 2556.0 34
92 4292.5 4378.0 34
89 4205.25 6097.5 34
92 4292.5 4378.0 35
24 4469.0 6200.0 35
90 4466.0 7422.5 35
89 4205.25 6097.5 35
47 9689.0 2843.0 36
93 9291.5 4630.5 36
94 9036.25 2633.5 36
95 9313.5 1671.0 36
93 9291.5 4630.5 37
45 8894.0 6418.0 37
72 8759.0 3596.0 37
94 9036.25 2633.5 37
72 8759.0 3596.0 38
44 8624.0 774.0 38
96 8781.0 636.5 38
94 9036.25 2633.5 38
96 8781.0 636.5 39
46 8938.0 499.0 39
95 9313.5 1671.0 39
94 9036.25 2633.5 39
34 6303.0 5318.0 40
97 5829.0 7450.5 40
98 6029.75 5737.75 40
99 6281.5 4583.5 40
97 5829.0 7450.5 41
29 5355.0 9583.0 41
75 5778.0 6892.0 41
98 6029.75 5737.75 41
75 5778.0 6892.0 42
32 6201.0 4201.0 42
100 6230.5 4025.0 42
98 6029.75 5737.75 42
100 6230.5 4025.0 43
33 6260.0 3849.0 43
99 6281.5 4583.5 43
98 6029.75 5737.75 43
18 2975.0 8751.0 44
101 2962.0 8016.5 44
102 2974.75 5811.5 44
103 3023.0 6497.5 44
101 2962.0 8016.5 45
17 2949.0 7282.0 45
104 2926.5 5125.5 45
102 2974.75 5811.5 45
104 2926.5 5125.5 46
16 2904.0 2969.0 46
105 2987.5 3606.5 46
102 2974.75 5811.5 46
105 2987.5 3606.5 47
19 3071.0 4244.0 47
103 3023.0 6497.5 47
102 2974.75 5811.5 47
49 9871.0 3735.0 48
106 9171.0 6088.0 48
107 9231.25 5359.25 48
108 9780.0 3289.0 48
106 9171.0 6088.0 49
43 8471.0 8441.0 49
70 8682.5 7429.5 49
107 9231.25 5359.25 49
70 8682.5 7429.5 50
45 8894.0 6418.0 50
93 9291.5 4630.5 50
107 9231.25 5359.25 50
93 9291.5 4630.5 51
47 9689.0 2843.0 51
108 9780.0 3289.0 51
107 9231.25 5359.25 51
39 7664.0 4993.0 52
109 7510.5 5931.5 52
110 7113.25 4021.5 52
111 7567.0 3419.0 52
109 7510.5 5931.5 53
37 7357.0 6870.0 53
112 6659.5 4624.0 53
110 7113.25 4021.5 53
112 6659.5 4624.0 54
31 5962.0 2378.0 54
113 6716.0 2111.5 54
110 7113.25 4021.5 54
113 6716.0 2111.5 55
38 7470.0 1845.0 55
111 7567.0 3419.0 55
110 7113.25 4021.5 55
20 3152.0 9130.0 56
114 3063.5 8940.5 56
115 3242.75 7278.5 56
116 3462.5 8059.5 56
114 3063.5 8940.5 57
18 2975.0 8751.0 57
103 3023.0 6497.5 57
115 3242.75 7278.5 57
103 3023.0 6497.5 58
19 3071.0 4244.0 58
117 3422.0 5616.5 58
115 3242.75 7278.5 58
117 3422.0 5616.5 59
21 3773.0 6989.0 59
116 3462.5 8059.5 59
115 3242.75 7278.5 59
12 2597.0 7072.0 60
118 2295.5 7633.5 60
119 2363.75 5842.75 60
120 2603.0 6296.5 60
118 2295.5 7633.5 61
10 1994.0 8195.0 61
85 2124.5 5389.0 61
119 2363.75 5842.75 61
85 2124.5 5389.0 62
11 2255.0 2583.0 62
121 2432.0 4052.0 62
119 2363.75 5842.75 62
121 2432.0 4052.0 63
13 2609.0 5521.0 63
120 2603.0 6296.5 63
119 2363.75 5842.75 63
21 3773.0 6989.0 64
117 3422.0 5616.5 64
122 3466.0 4189.5 64
91 3944.5 4772.5 64
117 3422.0 5616.5 65
19 3071.0 4244.0 65
105 2987.5 3606.5 65
122 3466.0 4189.5 65
105 2987.5 3606.5 66
16 2904.0 2969.0 66
123 3510.0 2762.5 66
122 3466.0 4189.5 66
123 3510.0 2762.5 67
22 4116.0 2556.0 67
91 3944.5 4772.5 67
122 3466.0 4189.5 67
43 8471.0 8441.0 68
124 6913.0 9012.0 68
125 6941.5 7797.0 68
126 7914.0 7655.5 68
124 6913.0 9012.0 69
29 5355.0 9583.0 69
127 5969.0 7938.5 69
125 6941.5 7797.0 69
127 5969.0 7938.5 70
36 6583.0 6294.0 70
128 6970.0 6582.0 70
125 6941.5 7797.0 70
128 6970.0 6582.0 71
37 7357.0 6870.0 71
126 7914.0 7655.5 71
125 6941.5 7797.0 71
43 8471.0 8441.0 72
126 7914.0 7655.5 72
129 7908.0 5979.25 72
130 8305.5 6027.0 72
126 7914.0 7655.5 73
37 7357.0 6870.0 73
109 7510.5 5931.5 73
129 7908.0 5979.25 73
109 7510.5 5931.5 74
39 7664.0 4993.0 74
131 7902.0 4303.0 74
129 7908.0 5979.25 74
131 7902.0 4303.0 75
41 8140.0 3613.0 75
130 8305.5 6027.0 75
129 7908.0 5979.25 75
22 4116.0 2556.0 76
132 2957.5 1917.0 76
133 2915.5 1513.75 76
134 4294.0 1986.5 76
132 2957.5 1917.0 77
8 1799.0 1278.0 77
54 1537.0 1041.0 77
133 2915.5 1513.75 77
54 1537.0 1041.0 78
6 1275.0 804.0 78
135 2873.5 1110.5 78
133 2915.5 1513.75 78
135 2873.5 1110.5 79
25 4472.0 1417.0 79
134 4294.0 1986.5 79
133 2915.5 1513.75 79
14 2864.0 4296.0 80
136 2559.5 3439.5 80
137 2451.75 2840.25 80
138 2876.5 3750.0 80
136 2559.5 3439.5 81
11 2255.0 2583.0 81
87 2027.0 1930.5 81
137 2451.75 2840.25 81
87 2027.0 1930.5 82
8 1799.0 1278.0 82
139 2344.0 2241.0 82
137 2451.75 2840.25 82
139 2344.0 2241.0 83
15 2889.0 3204.0 83
138 2876.5 3750.0 83
137 2451.75 2840.25 83
26 4610.0 9394.0 84
140 3092.0 9696.0 84
141 3449.75 9291.75 84
142 4536.5 9019.5 84
140 3092.0 9696.0 85
7 1574.0 9998.0 85
143 2363.0 9564.0 85
141 3449.75 9291.75 85
143 2363.0 9564.0 86
20 3152.0 9130.0 86
144 3807.5 8887.5 86
141 3449.75 9291.75 86
144 3807.5 8887.5 87
23 4463.0 8645.0 87
142 4536.5 9019.5 87
141 3449.75 9291.75 87
17 2949.0 7282.0 88
145 2261.5 8640.0 88
146 2278.5 8136.75 88
147 2773.0 7177.0 88
145 2261.5 8640.0 89
7 1574.0 9998.0 89
148 1784.0 9096.5 89
146 2278.5 8136.75 89
148 1784.0 9096.5 90
10 1994.0 8195.0 90
118 2295.5 7633.5 90
146 2278.5 8136.75 90
118 2295.5 7633.5 91
12 2597.0 7072.0 91
147 2773.0 7177.0 91
146 2278.5 8136.75 91
17 2949.0 7282.0 92
147 2773.0 7177.0 92
149 2754.75 6042.75 92
150 2906.5 5789.0 92
147 2773.0 7177.0 93
12 2597.0 7072.0 93
120 2603.0 6296.5 93
149 2754.75 6042.75 93
120 2603.0 6296.5 94
13 2609.0 5521.0 94
151 2736.5 4908.5 94
149 2754.75 6042.75 94
151 2736.5 4908.5 95
14 2864.0 4296.0 95
150 2906.5 5789.0 95
149 2754.75 6042.75 95
5 1160.0 9226.0 96
152 1032.5 9535.0 96
153 1075.75 6599.75 96
53 1217.5 5015.0 96
152 1032.5 9535.0 97
3 905.0 9844.0 97
57 934.0 8184.5 97
153 1075.75 6599.75 97
57 934.0 8184.5 98
4 963.0 6525.0 98
154 1119.0 3664.5 98
153 1075.75 6599.75 98
154 1119.0 3664.5 99
6 1275.0 804.0 99
53 1217.5 5015.0 99
153 1075.75 6599.75 99
36 6583.0 6294.0 100
155 6477.0 5651.0 100
156 6642.75 5505.25 100
128 6970.0 6582.0 100
155 6477.0 5651.0 101
35 6371.0 5008.0 101
157 6315.5 4428.5 101
156 6642.75 5505.25 101
157 6315.5 4428.5 102
33 6260.0 3849.0 102
158 6808.5 5359.5 102
156 6642.75 5505.25 102
158 6808.5 5359.5 103
37 7357.0 6870.0 103
128 6970.0 6582.0 103
156 6642.75 5505.25 103
41 8140.0 3613.0 104
131 7902.0 4303.0 104
159 7786.75 3259.75 104
160 8006.5 3100.5 104
131 7902.0 4303.0 105
39 7664.0 4993.0 105
111 7567.0 3419.0 105
159 7786.75 3259.75 105
111 7567.0 3419.0 106
38 7470.0 1845.0 106
161 7671.5 2216.5 106
159 7786.75 3259.75 106
161 7671.5 2216.5 107
40 7873.0 2588.0 107
160 8006.5 3100.5 107
159 7786.75 3259.75 107
31 5962.0 2378.0 108
162 5316.5 2045.5 108
163 5643.75 1838.25 108
113 6716.0 2111.5 108
162 5316.5 2045.5 109
27 4671.0 1713.0 109
64 4571.5 1565.0 109
163 5643.75 1838.25 109
64 4571.5 1565.0 110
25 4472.0 1417.0 110
164 5971.0 1631.0 110
163 5643.75 1838.25 110
164 5971.0 1631.0 111
38 7470.0 1845.0 111
113 6716.0 2111.5 111
163 5643.75 1838.25 111
17 2949.0 7282.0 112
150 2906.5 5789.0 112
165 2901.5 4437.75 112
104 2926.5 5125.5 112
150 2906.5 5789.0 113
14 2864.0 4296.0 113
138 2876.5 3750.0 113
165 2901.5 4437.75 113
138 2876.5 3750.0 114
15 2889.0 3204.0 114
166 2896.5 3086.5 114
165 2901.5 4437.75 114
166 2896.5 3086.5 115
16 2904.0 2969.0 115
104 2926.5 5125.5 115
165 2901.5 4437.75 115
0 136.0 9796.0 116
167 158.0 5805.0 116
168 274.33 6878.33 116
169 321.5 9410.5 116
167 158.0 5805.0 117
1 180.0 1814.0 117
58 343.5 5419.5 117
168 274.33 6878.33 117
58 343.5 5419.5 118
2 507.0 9025.0 118
169 321.5 9410.5 118
168 274.33 6878.33 118
3 905.0 9844.0 119
170 520.5 9820.0 119
171 516.0 9555.0 119
55 706.0 9434.5 119
170 520.5 9820.0 120
0 136.0 9796.0 120
169 321.5 9410.5 120
171 516.0 9555.0 120
169 321.5 9410.5 121
2 507.0 9025.0 121
55 706.0 9434.5 121
171 516.0 9555.0 121
6 1275.0 804.0 122
154 1119.0 3664.5 122
172 806.0 3047.67 122
173 727.5 1309.0 122
154 1119.0 3664.5 123
4 963.0 6525.0 123
59 571.5 4169.5 123
172 806.0 3047.67 123
59 571.5 4169.5 124
1 180.0 1814.0 124
173 727.5 1309.0 124
172 806.0 3047.67 124
7 1574.0 9998.0 125
174 1239.5 9921.0 125
175 1213.0 9689.33 125
50 1367.0 9612.0 125
174 1239.5 9921.0 126
3 905.0 9844.0 126
152 1032.5 9535.0 126
175 1213.0 9689.33 126
152 1032.5 9535.0 127
5 1160.0 9226.0 127
50 1367.0 9612.0 127
175 1213.0 9689.33 127
7 1574.0 9998.0 128
176 855.0 9897.0 128
177 871.67 9879.33 128
174 1239.5 9921.0 128
176 855.0 9897.0 129
0 136.0 9796.0 129
170 520.5 9820.0 129
177 871.67 9879.33 129
170 520.5 9820.0 130
3 905.0 9844.0 130
174 1239.5 9921.0 130
177 871.67 9879.33 130
9 1918.0 6999.0 131
178 1746.0 8498.5 131
179 1763.67 6091.67 131
86 1858.5 4138.5 131
178 1746.0 8498.5 132
7 1574.0 9998.0 132
52 1686.5 5638.0 132
179 1763.67 6091.67 132
52 1686.5 5638.0 133
8 1799.0 1278.0 133
86 1858.5 4138.5 133
179 1763.67 6091.67 133
10 1994.0 8195.0 134
148 1784.0 9096.5 134
180 1828.67 8397.33 134
83 1956.0 7597.0 134
148 1784.0 9096.5 135
7 1574.0 9998.0 135
178 1746.0 8498.5 135
180 1828.67 8397.33 135
178 1746.0 8498.5 136
9 1918.0 6999.0 136
83 1956.0 7597.0 136
180 1828.67 8397.33 136
14 2864.0 4296.0 137
151 2736.5 4908.5 137
181 2576.0 4133.33 137
136 2559.5 3439.5 137
151 2736.5 4908.5 138
13 2609.0 5521.0 138
121 2432.0 4052.0 138
181 2576.0 4133.33 138
121 2432.0 4052.0 139
11 2255.0 2583.0 139
136 2559.5 3439.5 139
181 2576.0 4133.33 139
16 2904.0 2969.0 140
166 2896.5 3086.5 140
182 2530.67 2483.67 140
183 2351.5 2123.5 140
166 2896.5 3086.5 141
15 2889.0 3204.0 141
139 2344.0 2241.0 141
182 2530.67 2483.67 141
139 2344.0 2241.0 142
8 1799.0 1278.0 142
183 2351.5 2123.5 142
182 2530.67 2483.67 142
18 2975.0 8751.0 143
184 2274.5 9374.5 143
185 2499.33 8677.0 143
101 2962.0 8016.5 143
184 2274.5 9374.5 144
7 1574.0 9998.0 144
145 2261.5 8640.0 144
185 2499.33 8677.0 144
145 2261.5 8640.0 145
17 2949.0 7282.0 145
101 2962.0 8016.5 145
185 2499.33 8677.0 145
20 3152.0 9130.0 146
143 2363.0 9564.0 146
186 2567.0 9293.0 146
114 3063.5 8940.5 146
143 2363.0 9564.0 147
7 1574.0 9998.0 147
184 2274.5 9374.5 147
186 2567.0 9293.0 147
184 2274.5 9374.5 148
18 2975.0 8751.0 148
114 3063.5 8940.5 148
186 2567.0 9293.0 148
22 4116.0 2556.0 149
123 3510.0 2762.5 149
187 2939.67 2267.67 149
132 2957.5 1917.0 149
123 3510.0 2762.5 150
16 2904.0 2969.0 150
183 2351.5 2123.5 150
187 2939.67 2267.67 150
183 2351.5 2123.5 151
8 1799.0 1278.0 151
132 2957.5 1917.0 151
187 2939.67 2267.67 151
23 4463.0 8645.0 152
144 3807.5 8887.5 152
188 3796.0 8254.67 152
88 4118.0 7817.0 152
144 3807.5 8887.5 153
20 3152.0 9130.0 153
116 3462.5 8059.5 153
188 3796.0 8254.67 153
116 3462.5 8059.5 154
21 3773.0 6989.0 154
88 4118.0 7817.0 154
188 3796.0 8254.67 154
25 4472.0 1417.0 155
63 4470.5 3808.5 155
189 4352.33 3391.0 155
134 4294.0 1986.5 155
63 4470.5 3808.5 156
24 4469.0 6200.0 156
92 4292.5 4378.0 156
189 4352.33 3391.0 156
92 4292.5 4378.0 157
22 4116.0 2556.0 157
134 4294.0 1986.5 157
189 4352.33 3391.0 157
26 4610.0 9394.0 158
142 4536.5 9019.5 158
190 4514.0 8079.67 158
60 4539.5 7797.0 158
142 4536.5 9019.5 159
23 4463.0 8645.0 159
90 4466.0 7422.5 159
190 4514.0 8079.67 159
90 4466.0 7422.5 160
24 4469.0 6200.0 160
60 4539.5 7797.0 160
190 4514.0 8079.67 160
28 4689.0 2576.0 161
191 4649.5 5985.0 161
192 4656.67 4561.0 161
68 4680.0 2144.5 161
191 4649.5 5985.0 162
26 4610.0 9394.0 162
62 4640.5 5553.5 162
192 4656.67 4561.0 162
62 4640.5 5553.5 163
27 4671.0 1713.0 163
68 4680.0 2144.5 163
192 4656.67 4561.0 163
29 5355.0 9583.0 164
193 4982.5 9488.5 164
194 4884.67 7184.33 164
65 5022.0 6079.5 164
193 4982.5 9488.5 165
26 4610.0 9394.0 165
191 4649.5 5985.0 165
194 4884.67 7184.33 165
191 4649.5 5985.0 166
28 4689.0 2576.0 166
65 5022.0 6079.5 166
194 4884.67 7184.33 166
29 5355.0 9583.0 167
195 3464.5 9790.5 167
196 3846.33 9658.33 167
193 4982.5 9488.5 167
195 3464.5 9790.5 168
7 1574.0 9998.0 168
140 3092.0 9696.0 168
196 3846.33 9658.33 168
140 3092.0 9696.0 169
26 4610.0 9394.0 169
193 4982.5 9488.5 169
196 3846.33 9658.33 169
31 5962.0 2378.0 170
78 5774.0 4204.0 170
197 5406.33 3373.67 170
162 5316.5 2045.5 170
78 5774.0 4204.0 171
30 5586.0 6030.0 171
69 5128.5 3871.5 171
197 5406.33 3373.67 171
69 5128.5 3871.5 172
27 4671.0 1713.0 172
162 5316.5 2045.5 172
197 5406.33 3373.67 172
33 6260.0 3849.0 173
100 6230.5 4025.0 173
198 6141.0 3476.0 173
199 6111.0 3113.5 173
100 6230.5 4025.0 174
32 6201.0 4201.0 174
77 6081.5 3289.5 174
198 6141.0 3476.0 174
77 6081.5 3289.5 175
31 5962.0 2378.0 175
199 6111.0 3113.5 175
198 6141.0 3476.0 175
35 6371.0 5008.0 176
200 6337.0 5163.0 176
201 6311.33 4725.0 176
157 6315.5 4428.5 176
200 6337.0 5163.0 177
34 6303.0 5318.0 177
99 6281.5 4583.5 177
201 6311.33 4725.0 177
99 6281.5 4583.5 178
33 6260.0 3849.0 178
157 6315.5 4428.5 178
201 6311.33 4725.0 178
36 6583.0 6294.0 179
202 6443.0 5806.0 179
203 6419.0 5540.0 179
155 6477.0 5651.0 179
202 6443.0 5806.0 180
34 6303.0 5318.0 180
200 6337.0 5163.0 180
203 6419.0 5540.0 180
200 6337.0 5163.0 181
35 6371.0 5008.0 181
155 6477.0 5651.0 181
203 6419.0 5540.0 181
36 6583.0 6294.0 182
127 5969.0 7938.5 182
204 6080.33 7065.0 182
202 6443.0 5806.0 182
127 5969.0 7938.5 183
29 5355.0 9583.0 183
97 5829.0 7450.5 183
204 6080.33 7065.0 183
97 5829.0 7450.5 184
34 6303.0 5318.0 184
202 6443.0 5806.0 184
204 6080.33 7065.0 184
37 7357.0 6870.0 185
158 6808.5 5359.5 185
205 6526.33 4365.67 185
112 6659.5 4624.0 185
158 6808.5 5359.5 186
33 6260.0 3849.0 186
199 6111.0 3113.5 186
205 6526.33 4365.67 186
199 6111.0 3113.5 187
31 5962.0 2378.0 187
112 6659.5 4624.0 187
205 6526.33 4365.67 187
38 7470.0 1845.0 188
164 5971.0 1631.0 188
206 4405.67 1355.33 188
81 4372.5 1324.5 188
164 5971.0 1631.0 189
25 4472.0 1417.0 189
135 2873.5 1110.5 189
206 4405.67 1355.33 189
135 2873.5 1110.5 190
6 1275.0 804.0 190
81 4372.5 1324.5 190
206 4405.67 1355.33 190
42 8239.0 1554.0 191
207 8056.0 2071.0 191
208 7860.67 1995.67 191
79 7854.5 1699.5 191
207 8056.0 2071.0 192
40 7873.0 2588.0 192
161 7671.5 2216.5 192
208 7860.67 1995.67 192
161 7671.5 2216.5 193
38 7470.0 1845.0 193
79 7854.5 1699.5 193
208 7860.67 1995.67 193
42 8239.0 1554.0 194
209 8189.5 2583.5 194
210 8084.0 2585.0 194
207 8056.0 2071.0 194
209 8189.5 2583.5 195
41 8140.0 3613.0 195
160 8006.5 3100.5 195
210 8084.0 2585.0 195
160 8006.5 3100.5 196
40 7873.0 2588.0 196
207 8056.0 2071.0 196
210 8084.0 2585.0 196
43 8471.0 8441.0 197
130 8305.5 6027.0 197
211 8283.33 4536.0 197
73 8355.0 4997.5 197
130 8305.5 6027.0 198
41 8140.0 3613.0 198
209 8189.5 2583.5 198
211 8283.33 4536.0 198
209 8189.5 2583.5 199
42 8239.0 1554.0 199
73 8355.0 4997.5 199
211 8283.33 4536.0 199
46 8938.0 499.0 200
96 8781.0 636.5 200
212 6279.0 692.33 200
213 5106.5 651.5 200
96 8781.0 636.5 201
44 8624.0 774.0 201
82 4949.5 789.0 201
212 6279.0 692.33 201
82 4949.5 789.0 202
6 1275.0 804.0 202
213 5106.5 651.5 202
212 6279.0 692.33 202
48 9827.0 71.0 203
214 9382.5 285.0 203
215 6680.0 458.0 203
216 5551.0 437.5 203
214 9382.5 285.0 204
46 8938.0 499.0 204
213 5106.5 651.5 204
215 6680.0 458.0 204
213 5106.5 651.5 205
6 1275.0 804.0 205
216 5551.0 437.5 205
215 6680.0 458.0 205
48 9827.0 71.0 206
217 9758.0 1457.0 206
218 9484.67 1137.67 206
214 9382.5 285.0 206
217 9758.0 1457.0 207
47 9689.0 2843.0 207
95 9313.5 1671.0 207
218 9484.67 1137.67 207
95 9313.5 1671.0 208
46 8938.0 499.0 208
214 9382.5 285.0 208
218 9484.67 1137.67 208
49 9871.0 3735.0 209
108 9780.0 3289.0 209
219 9795.67 2216.33 209
220 9849.0 1903.0 209
108 9780.0 3289.0 210
47 9689.0 2843.0 210
217 9758.0 1457.0 210
219 9795.67 2216.33 210
217 9758.0 1457.0 211
48 9827.0 71.0 211
220 9849.0 1903.0 211
219 9795.67 2216.33 211
