V x y Q
0 15.0 111.0 0
40 22.0 122.5 0
41 21.67 132.0 0
42 18.0 131.0 0
40 22.0 122.5 1
2 29.0 134.0 1
43 25.0 142.5 1
41 21.67 132.0 1
43 25.0 142.5 2
1 21.0 151.0 2
42 18.0 131.0 2
41 21.67 132.0 2
3 58.0 397.0 3
44 39.5 274.0 3
45 36.0 227.33 3
46 43.5 265.5 3
44 39.5 274.0 4
1 21.0 151.0 4
43 25.0 142.5 4
45 36.0 227.33 4
43 25.0 142.5 5
2 29.0 134.0 5
46 43.5 265.5 5
45 36.0 227.33 5
4 74.0 180.0 6
47 51.5 157.0 6
48 39.33 141.67 6
49 44.5 145.5 6
47 51.5 157.0 7
2 29.0 134.0 7
40 22.0 122.5 7
48 39.33 141.67 7
40 22.0 122.5 8
0 15.0 111.0 8
49 44.5 145.5 8
48 39.33 141.67 8
4 74.0 180.0 9
50 66.0 288.5 9
51 53.67 237.0 9
47 51.5 157.0 9
50 66.0 288.5 10
3 58.0 397.0 10
46 43.5 265.5 10
51 53.67 237.0 10
46 43.5 265.5 11
2 29.0 134.0 11
47 51.5 157.0 11
51 53.67 237.0 11
5 80.0 311.0 12
52 69.0 354.0 12
53 70.67 296.0 12
54 77.0 245.5 12
52 69.0 354.0 13
3 58.0 397.0 13
50 66.0 288.5 13
53 70.67 296.0 13
50 66.0 288.5 14
4 74.0 180.0 14
54 77.0 245.5 14
53 70.67 296.0 14
6 85.0 160.0 15
55 79.5 170.0 15
56 58.0 150.33 15
57 50.0 135.5 15
55 79.5 170.0 16
4 74.0 180.0 16
49 44.5 145.5 16
56 58.0 150.33 16
49 44.5 145.5 17
0 15.0 111.0 17
57 50.0 135.5 17
56 58.0 150.33 17
6 85.0 160.0 18
58 82.5 235.5 18
59 79.67 217.0 18
55 79.5 170.0 18
58 82.5 235.5 19
5 80.0 311.0 19
54 77.0 245.5 19
59 79.67 217.0 19
54 77.0 245.5 20
4 74.0 180.0 20
55 79.5 170.0 20
59 79.67 217.0 20
7 85.0 47.0 21
60 85.0 103.5 21
61 61.67 106.0 21
62 50.0 79.0 21
60 85.0 103.5 22
6 85.0 160.0 22
57 50.0 135.5 22
61 61.67 106.0 22
57 50.0 135.5 23
0 15.0 111.0 23
62 50.0 79.0 23
61 61.67 106.0 23
8 87.0 481.0 24
63 86.0 320.5 24
64 85.67 229.33 24
65 86.0 264.0 24
63 86.0 320.5 25
6 85.0 160.0 25
60 85.0 103.5 25
64 85.67 229.33 25
60 85.0 103.5 26
7 85.0 47.0 26
65 86.0 264.0 26
64 85.67 229.33 26
8 87.0 481.0 27
66 83.5 396.0 27
67 84.0 317.33 27
63 86.0 320.5 27
66 83.5 396.0 28
5 80.0 311.0 28
58 82.5 235.5 28
67 84.0 317.33 28
58 82.5 235.5 29
6 85.0 160.0 29
63 86.0 320.5 29
67 84.0 317.33 29
8 87.0 481.0 30
68 72.5 439.0 30
69 75.0 396.33 30
66 83.5 396.0 30
68 72.5 439.0 31
3 58.0 397.0 31
52 69.0 354.0 31
69 75.0 396.33 31
52 69.0 354.0 32
5 80.0 311.0 32
66 83.5 396.0 32
69 75.0 396.33 32
9 111.0 383.0 33
70 99.0 432.0 33
71 94.33 303.67 33
72 98.0 215.0 33
70 99.0 432.0 34
8 87.0 481.0 34
65 86.0 264.0 34
71 94.33 303.67 34
65 86.0 264.0 35
7 85.0 47.0 35
72 98.0 215.0 35
71 94.33 303.67 35
10 119.0 139.0 36
73 115.0 261.0 36
74 105.0 189.67 36
75 102.0 93.0 36
73 115.0 261.0 37
9 111.0 383.0 37
72 98.0 215.0 37
74 105.0 189.67 37
72 98.0 215.0 38
7 85.0 47.0 38
75 102.0 93.0 38
74 105.0 189.67 38
11 160.0 112.0 39
76 139.5 125.5 39
77 121.33 99.33 39
78 122.5 79.5 39
76 139.5 125.5 40
10 119.0 139.0 40
75 102.0 93.0 40
77 121.33 99.33 40
75 102.0 93.0 41
7 85.0 47.0 41
78 122.5 79.5 41
77 121.33 99.33 41
11 160.0 112.0 42
79 135.5 247.5 42
80 130.0 211.33 42
76 139.5 125.5 42
79 135.5 247.5 43
9 111.0 383.0 43
73 115.0 261.0 43
80 130.0 211.33 43
73 115.0 261.0 44
10 119.0 139.0 44
76 139.5 125.5 44
80 130.0 211.33 44
12 165.0 307.0 45
81 138.0 345.0 45
82 145.33 267.33 45
83 162.5 209.5 45
81 138.0 345.0 46
9 111.0 383.0 46
79 135.5 247.5 46
82 145.33 267.33 46
79 135.5 247.5 47
11 160.0 112.0 47
83 162.5 209.5 47
82 145.33 267.33 47
12 165.0 307.0 48
84 126.0 394.0 48
85 121.0 390.33 48
81 138.0 345.0 48
84 126.0 394.0 49
8 87.0 481.0 49
70 99.0 432.0 49
85 121.0 390.33 49
70 99.0 432.0 50
9 111.0 383.0 50
81 138.0 345.0 50
85 121.0 390.33 50
13 169.0 167.0 51
86 167.0 237.0 51
87 164.67 195.33 51
88 164.5 139.5 51
86 167.0 237.0 52
12 165.0 307.0 52
83 162.5 209.5 52
87 164.67 195.33 52
83 162.5 209.5 53
11 160.0 112.0 53
88 164.5 139.5 53
87 164.67 195.33 53
14 172.0 309.0 54
89 168.5 308.0 54
90 168.67 261.0 54
91 170.5 238.0 54
89 168.5 308.0 55
12 165.0 307.0 55
86 167.0 237.0 55
90 168.67 261.0 55
86 167.0 237.0 56
13 169.0 167.0 56
91 170.5 238.0 56
90 168.67 261.0 56
14 172.0 309.0 57
92 129.5 395.0 57
93 141.33 365.67 57
89 168.5 308.0 57
92 129.5 395.0 58
8 87.0 481.0 58
84 126.0 394.0 58
93 141.33 365.67 58
84 126.0 394.0 59
12 165.0 307.0 59
89 168.5 308.0 59
93 141.33 365.67 59
15 173.0 412.0 60
94 130.0 446.5 60
95 144.0 400.67 60
96 172.5 360.5 60
94 130.0 446.5 61
8 87.0 481.0 61
92 129.5 395.0 61
95 144.0 400.67 61
92 129.5 395.0 62
14 172.0 309.0 62
96 172.5 360.5 62
95 144.0 400.67 62
16 181.0 330.0 63
97 176.5 319.5 63
98 174.0 268.67 63
99 175.0 248.5 63
97 176.5 319.5 64
14 172.0 309.0 64
91 170.5 238.0 64
98 174.0 268.67 64
91 170.5 238.0 65
13 169.0 167.0 65
99 175.0 248.5 65
98 174.0 268.67 65
16 181.0 330.0 66
100 177.0 371.0 66
101 175.33 350.33 66
97 176.5 319.5 66
100 177.0 371.0 67
15 173.0 412.0 67
96 172.5 360.5 67
101 175.33 350.33 67
96 172.5 360.5 68
14 172.0 309.0 68
97 176.5 319.5 68
101 175.33 350.33 68
17 188.0 144.0 69
102 178.5 155.5 69
103 172.33 141.0 69
104 174.0 128.0 69
102 178.5 155.5 70
13 169.0 167.0 70
88 164.5 139.5 70
103 172.33 141.0 70
88 164.5 139.5 71
11 160.0 112.0 71
104 174.0 128.0 71
103 172.33 141.0 71
17 188.0 144.0 72
105 184.5 237.0 72
106 179.33 213.67 72
102 178.5 155.5 72
105 184.5 237.0 73
16 181.0 330.0 73
99 175.0 248.5 73
106 179.33 213.67 73
99 175.0 248.5 74
13 169.0 167.0 74
102 178.5 155.5 74
106 179.33 213.67 74
18 198.0 42.0 75
107 179.0 77.0 75
108 147.67 67.0 75
109 141.5 44.5 75
107 179.0 77.0 76
11 160.0 112.0 76
78 122.5 79.5 76
108 147.67 67.0 76
78 122.5 79.5 77
7 85.0 47.0 77
109 141.5 44.5 77
108 147.67 67.0 77
18 198.0 42.0 78
110 193.0 93.0 78
111 182.0 99.33 78
107 179.0 77.0 78
110 193.0 93.0 79
17 188.0 144.0 79
104 174.0 128.0 79
111 182.0 99.33 79
104 174.0 128.0 80
11 160.0 112.0 80
107 179.0 77.0 80
111 182.0 99.33 80
18 198.0 42.0 81
112 189.5 186.0 81
113 189.0 172.0 81
110 193.0 93.0 81
112 189.5 186.0 82
16 181.0 330.0 82
105 184.5 237.0 82
113 189.0 172.0 82
105 184.5 237.0 83
17 188.0 144.0 83
110 193.0 93.0 83
113 189.0 172.0 83
19 229.0 55.0 84
114 205.0 192.5 84
115 202.67 142.33 84
116 213.5 48.5 84
114 205.0 192.5 85
16 181.0 330.0 85
112 189.5 186.0 85
115 202.67 142.33 85
112 189.5 186.0 86
18 198.0 42.0 86
116 213.5 48.5 86
115 202.67 142.33 86
19 229.0 55.0 87
117 201.0 233.5 87
118 194.33 265.67 87
114 205.0 192.5 87
117 201.0 233.5 88
15 173.0 412.0 88
100 177.0 371.0 88
118 194.33 265.67 88
100 177.0 371.0 89
16 181.0 330.0 89
114 205.0 192.5 89
118 194.33 265.67 89
20 235.0 435.0 90
119 204.0 423.5 90
120 212.33 300.67 90
121 232.0 245.0 90
119 204.0 423.5 91
15 173.0 412.0 91
117 201.0 233.5 91
120 212.33 300.67 91
117 201.0 233.5 92
19 229.0 55.0 92
121 232.0 245.0 92
120 212.33 300.67 92
20 235.0 435.0 93
122 161.0 458.0 93
123 165.0 442.67 93
119 204.0 423.5 93
122 161.0 458.0 94
8 87.0 481.0 94
94 130.0 446.5 94
123 165.0 442.67 94
94 130.0 446.5 95
15 173.0 412.0 95
119 204.0 423.5 95
123 165.0 442.67 95
21 238.0 290.0 96
124 236.5 362.5 96
125 234.0 260.0 96
126 233.5 172.5 96
124 236.5 362.5 97
20 235.0 435.0 97
121 232.0 245.0 97
125 234.0 260.0 97
121 232.0 245.0 98
19 229.0 55.0 98
126 233.5 172.5 98
125 234.0 260.0 98
22 247.0 188.0 99
127 242.5 239.0 99
128 238.0 177.67 99
129 238.0 121.5 99
127 242.5 239.0 100
21 238.0 290.0 100
126 233.5 172.5 100
128 238.0 177.67 100
126 233.5 172.5 101
19 229.0 55.0 101
129 238.0 121.5 101
128 238.0 177.67 101
22 247.0 188.0 102
130 241.0 311.5 102
131 240.0 304.33 102
127 242.5 239.0 102
130 241.0 311.5 103
20 235.0 435.0 103
124 236.5 362.5 103
131 240.0 304.33 103
124 236.5 362.5 104
21 238.0 290.0 104
127 242.5 239.0 104
131 240.0 304.33 104
23 270.0 86.0 105
132 258.5 137.0 105
133 248.67 109.67 105
134 249.5 70.5 105
132 258.5 137.0 106
22 247.0 188.0 106
129 238.0 121.5 106
133 248.67 109.67 106
129 238.0 121.5 107
19 229.0 55.0 107
134 249.5 70.5 107
133 248.67 109.67 107
23 270.0 86.0 108
135 252.5 260.5 108
136 250.67 236.33 108
132 258.5 137.0 108
135 252.5 260.5 109
20 235.0 435.0 109
130 241.0 311.5 109
136 250.67 236.33 109
130 241.0 311.5 110
22 247.0 188.0 110
132 258.5 137.0 110
136 250.67 236.33 110
24 313.0 37.0 111
137 271.0 46.0 111
138 246.67 44.67 111
139 255.5 39.5 111
137 271.0 46.0 112
19 229.0 55.0 112
116 213.5 48.5 112
138 246.67 44.67 112
116 213.5 48.5 113
18 198.0 42.0 113
139 255.5 39.5 113
138 246.67 44.67 113
24 313.0 37.0 114
140 291.5 61.5 114
141 270.67 59.33 114
137 271.0 46.0 114
140 291.5 61.5 115
23 270.0 86.0 115
134 249.5 70.5 115
141 270.67 59.33 115
134 249.5 70.5 116
19 229.0 55.0 116
137 271.0 46.0 116
141 270.67 59.33 116
24 313.0 37.0 117
142 274.0 236.0 117
143 272.67 186.0 117
140 291.5 61.5 117
142 274.0 236.0 118
20 235.0 435.0 118
135 252.5 260.5 118
143 272.67 186.0 118
135 252.5 260.5 119
23 270.0 86.0 119
140 291.5 61.5 119
143 272.67 186.0 119
25 321.0 135.0 120
144 278.0 285.0 120
145 289.67 202.33 120
146 317.0 86.0 120
144 278.0 285.0 121
20 235.0 435.0 121
142 274.0 236.0 121
145 289.67 202.33 121
142 274.0 236.0 122
24 313.0 37.0 122
146 317.0 86.0 122
145 289.67 202.33 122
26 344.0 149.0 123
147 332.5 142.0 123
148 326.0 107.0 123
149 328.5 93.0 123
147 332.5 142.0 124
25 321.0 135.0 124
146 317.0 86.0 124
148 326.0 107.0 124
146 317.0 86.0 125
24 313.0 37.0 125
149 328.5 93.0 125
148 326.0 107.0 125
26 344.0 149.0 126
150 289.5 292.0 126
151 300.0 239.67 126
147 332.5 142.0 126
150 289.5 292.0 127
20 235.0 435.0 127
144 278.0 285.0 127
151 300.0 239.67 127
144 278.0 285.0 128
25 321.0 135.0 128
147 332.5 142.0 128
151 300.0 239.67 128
27 356.0 97.0 129
152 350.0 123.0 129
153 337.67 94.33 129
154 334.5 67.0 129
152 350.0 123.0 130
26 344.0 149.0 130
149 328.5 93.0 130
153 337.67 94.33 130
149 328.5 93.0 131
24 313.0 37.0 131
154 334.5 67.0 131
153 337.67 94.33 131
28 369.0 267.0 132
155 356.5 208.0 132
156 356.33 171.0 132
157 362.5 182.0 132
155 356.5 208.0 133
26 344.0 149.0 133
152 350.0 123.0 133
156 356.33 171.0 133
152 350.0 123.0 134
27 356.0 97.0 134
157 362.5 182.0 134
156 356.33 171.0 134
28 369.0 267.0 135
158 302.0 351.0 135
159 316.0 283.67 135
155 356.5 208.0 135
158 302.0 351.0 136
20 235.0 435.0 136
150 289.5 292.0 136
159 316.0 283.67 136
150 289.5 292.0 137
26 344.0 149.0 137
155 356.5 208.0 137
159 316.0 283.67 137
29 379.0 220.0 138
160 374.0 243.5 138
161 368.0 194.67 138
162 367.5 158.5 138
160 374.0 243.5 139
28 369.0 267.0 139
157 362.5 182.0 139
161 368.0 194.67 139
157 362.5 182.0 140
27 356.0 97.0 140
162 367.5 158.5 140
161 368.0 194.67 140
30 395.0 344.0 141
163 382.0 305.5 141
164 381.0 277.0 141
165 387.0 282.0 141
163 382.0 305.5 142
28 369.0 267.0 142
160 374.0 243.5 142
164 381.0 277.0 142
160 374.0 243.5 143
29 379.0 220.0 143
165 387.0 282.0 143
164 381.0 277.0 143
30 395.0 344.0 144
166 315.0 389.5 144
167 333.0 348.67 144
163 382.0 305.5 144
166 315.0 389.5 145
20 235.0 435.0 145
158 302.0 351.0 145
167 333.0 348.67 145
158 302.0 351.0 146
28 369.0 267.0 146
163 382.0 305.5 146
167 333.0 348.67 146
31 405.0 109.0 147
168 380.5 103.0 147
169 358.0 81.0 147
170 359.0 73.0 147
168 380.5 103.0 148
27 356.0 97.0 148
154 334.5 67.0 148
169 358.0 81.0 148
154 334.5 67.0 149
24 313.0 37.0 149
170 359.0 73.0 149
169 358.0 81.0 149
31 405.0 109.0 150
171 392.0 164.5 150
172 380.0 142.0 150
168 380.5 103.0 150
171 392.0 164.5 151
29 379.0 220.0 151
162 367.5 158.5 151
172 380.0 142.0 151
162 367.5 158.5 152
27 356.0 97.0 152
168 380.5 103.0 152
172 380.0 142.0 152
31 405.0 109.0 153
173 400.0 226.5 153
174 393.0 224.33 153
171 392.0 164.5 153
173 400.0 226.5 154
30 395.0 344.0 154
165 387.0 282.0 154
174 393.0 224.33 154
165 387.0 282.0 155
29 379.0 220.0 155
171 392.0 164.5 155
174 393.0 224.33 155
32 416.0 142.0 156
175 405.5 243.0 156
176 405.33 198.33 156
177 410.5 125.5 156
175 405.5 243.0 157
30 395.0 344.0 157
173 400.0 226.5 157
176 405.33 198.33 157
173 400.0 226.5 158
31 405.0 109.0 158
177 410.5 125.5 158
176 405.33 198.33 158
33 431.0 131.0 159
178 423.5 136.5 159
179 417.33 127.33 159
180 418.0 120.0 159
178 423.5 136.5 160
32 416.0 142.0 160
177 410.5 125.5 160
179 417.33 127.33 160
177 410.5 125.5 161
31 405.0 109.0 161
180 418.0 120.0 161
179 417.33 127.33 161
33 431.0 131.0 162
181 413.0 237.5 162
182 414.0 205.67 162
178 423.5 136.5 162
181 413.0 237.5 163
30 395.0 344.0 163
175 405.5 243.0 163
182 414.0 205.67 163
175 405.5 243.0 164
32 416.0 142.0 164
178 423.5 136.5 164
182 414.0 205.67 164
34 442.0 76.0 165
183 423.5 92.5 165
184 386.67 74.0 165
185 377.5 56.5 165
183 423.5 92.5 166
31 405.0 109.0 166
170 359.0 73.0 166
184 386.67 74.0 166
170 359.0 73.0 167
24 313.0 37.0 167
185 377.5 56.5 167
184 386.67 74.0 167
34 442.0 76.0 168
186 436.5 103.5 168
187 426.0 105.33 168
183 423.5 92.5 168
186 436.5 103.5 169
33 431.0 131.0 169
180 418.0 120.0 169
187 426.0 105.33 169
180 418.0 120.0 170
31 405.0 109.0 170
183 423.5 92.5 170
187 426.0 105.33 170
34 442.0 76.0 171
188 418.5 210.0 171
189 422.67 183.67 171
186 436.5 103.5 171
188 418.5 210.0 172
30 395.0 344.0 172
181 413.0 237.5 172
189 422.67 183.67 172
181 413.0 237.5 173
33 431.0 131.0 173
186 436.5 103.5 173
189 422.67 183.67 173
35 464.0 165.0 174
190 429.5 254.5 174
191 433.67 195.0 174
192 453.0 120.5 174
190 429.5 254.5 175
30 395.0 344.0 175
188 418.5 210.0 175
191 433.67 195.0 175
188 418.5 210.0 176
34 442.0 76.0 176
192 453.0 120.5 176
191 433.67 195.0 176
36 466.0 152.0 177
193 465.0 158.5 177
194 457.33 131.0 177
195 454.0 114.0 177
193 465.0 158.5 178
35 464.0 165.0 178
192 453.0 120.5 178
194 457.33 131.0 178
192 453.0 120.5 179
34 442.0 76.0 179
195 454.0 114.0 179
194 457.33 131.0 179
37 473.0 192.0 180
196 468.5 178.5 180
197 467.67 169.67 180
198 469.5 172.0 180
196 468.5 178.5 181
35 464.0 165.0 181
193 465.0 158.5 181
197 467.67 169.67 181
193 465.0 158.5 182
36 466.0 152.0 182
198 469.5 172.0 182
197 467.67 169.67 182
37 473.0 192.0 183
199 434.0 268.0 183
200 444.0 233.67 183
196 468.5 178.5 183
199 434.0 268.0 184
30 395.0 344.0 184
190 429.5 254.5 184
200 444.0 233.67 184
190 429.5 254.5 185
35 464.0 165.0 185
196 468.5 178.5 185
200 444.0 233.67 185
38 485.0 249.0 186
201 479.0 220.5 186
202 474.67 197.67 186
203 475.5 200.5 186
201 479.0 220.5 187
37 473.0 192.0 187
198 469.5 172.0 187
202 474.67 197.67 187
198 469.5 172.0 188
36 466.0 152.0 188
203 475.5 200.5 188
202 474.67 197.67 188
38 485.0 249.0 189
204 440.0 296.5 189
205 451.0 261.67 189
201 479.0 220.5 189
204 440.0 296.5 190
30 395.0 344.0 190
199 434.0 268.0 190
205 451.0 261.67 190
199 434.0 268.0 191
37 473.0 192.0 191
201 479.0 220.5 191
205 451.0 261.67 191
39 498.0 157.0 192
206 482.0 154.5 192
207 468.67 128.33 192
208 470.0 116.5 192
206 482.0 154.5 193
36 466.0 152.0 193
195 454.0 114.0 193
207 468.67 128.33 193
195 454.0 114.0 194
34 442.0 76.0 194
208 470.0 116.5 194
207 468.67 128.33 194
39 498.0 157.0 195
209 491.5 203.0 195
210 483.0 186.0 195
206 482.0 154.5 195
209 491.5 203.0 196
38 485.0 249.0 196
203 475.5 200.5 196
210 483.0 186.0 196
203 475.5 200.5 197
36 466.0 152.0 197
206 482.0 154.5 197
210 483.0 186.0 197
