V x y Q
0 136.0 9796.0 0
50 158.0 5805.0 0
51 274.33 6878.33 0
52 321.5 9410.5 0
50 158.0 5805.0 1
1 180.0 1814.0 1
53 343.5 5419.5 1
51 274.33 6878.33 1
53 343.5 5419.5 2
2 507.0 9025.0 2
52 321.5 9410.5 2
51 274.33 6878.33 2
3 905.0 9844.0 3
54 706.0 9434.5 3
55 530.67 6894.33 3
56 542.5 5829.0 3
54 706.0 9434.5 4
2 507.0 9025.0 4
53 343.5 5419.5 4
55 530.67 6894.33 4
53 343.5 5419.5 5
1 180.0 1814.0 5
56 542.5 5829.0 5
55 530.67 6894.33 5
3 905.0 9844.0 6
57 520.5 9820.0 6
58 516.0 9555.0 6
54 706.0 9434.5 6
57 520.5 9820.0 7
0 136.0 9796.0 7
52 321.5 9410.5 7
58 516.0 9555.0 7
52 321.5 9410.5 8
2 507.0 9025.0 8
54 706.0 9434.5 8
58 516.0 9555.0 8
4 963.0 6525.0 9
59 934.0 8184.5 9
60 682.67 6061.0 9
61 571.5 4169.5 9
59 934.0 8184.5 10
3 905.0 9844.0 10
56 542.5 5829.0 10
60 682.67 6061.0 10
56 542.5 5829.0 11
1 180.0 1814.0 11
61 571.5 4169.5 11
60 682.67 6061.0 11
5 1160.0 9226.0 12
62 1032.5 9535.0 12
63 1009.33 8531.67 12
64 1061.5 7875.5 12
62 1032.5 9535.0 13
3 905.0 9844.0 13
59 934.0 8184.5 13
63 1009.33 8531.67 13
59 934.0 8184.5 14
4 963.0 6525.0 14
64 1061.5 7875.5 14
63 1009.33 8531.67 14
6 1275.0 804.0 15
65 1119.0 3664.5 15
66 806.0 3047.67 15
67 727.5 1309.0 15
65 1119.0 3664.5 16
4 963.0 6525.0 16
61 571.5 4169.5 16
66 806.0 3047.67 16
61 571.5 4169.5 17
1 180.0 1814.0 17
67 727.5 1309.0 17
66 806.0 3047.67 17
6 1275.0 804.0 18
68 1217.5 5015.0 18
69 1132.67 5518.33 18
65 1119.0 3664.5 18
68 1217.5 5015.0 19
5 1160.0 9226.0 19
64 1061.5 7875.5 19
69 1132.67 5518.33 19
64 1061.5 7875.5 20
4 963.0 6525.0 20
65 1119.0 3664.5 20
69 1132.67 5518.33 20
7 1574.0 9998.0 21
70 1367.0 9612.0 21
71 1336.33 6676.0 21
72 1424.5 5401.0 21
70 1367.0 9612.0 22
5 1160.0 9226.0 22
68 1217.5 5015.0 22
71 1336.33 6676.0 22
68 1217.5 5015.0 23
6 1275.0 804.0 23
72 1424.5 5401.0 23
71 1336.33 6676.0 23
7 1574.0 9998.0 24
73 1239.5 9921.0 24
74 1213.0 9689.33 24
70 1367.0 9612.0 24
73 1239.5 9921.0 25
3 905.0 9844.0 25
62 1032.5 9535.0 25
74 1213.0 9689.33 25
62 1032.5 9535.0 26
5 1160.0 9226.0 26
70 1367.0 9612.0 26
74 1213.0 9689.33 26
7 1574.0 9998.0 27
75 855.0 9897.0 27
76 871.67 9879.33 27
73 1239.5 9921.0 27
75 855.0 9897.0 28
0 136.0 9796.0 28
57 520.5 9820.0 28
76 871.67 9879.33 28
57 520.5 9820.0 29
3 905.0 9844.0 29
73 1239.5 9921.0 29
76 871.67 9879.33 29
8 1799.0 1278.0 30
77 1686.5 5638.0 30
78 1549.33 4026.67 30
79 1537.0 1041.0 30
77 1686.5 5638.0 31
7 1574.0 9998.0 31
72 1424.5 5401.0 31
78 1549.33 4026.67 31
72 1424.5 5401.0 32
6 1275.0 804.0 32
79 1537.0 1041.0 32
78 1549.33 4026.67 32
9 1918.0 6999.0 33
80 1746.0 8498.5 33
81 1763.67 6091.67 33
82 1858.5 4138.5 33
80 1746.0 8498.5 34
7 1574.0 9998.0 34
77 1686.5 5638.0 34
81 1763.67 6091.67 34
77 1686.5 5638.0 35
8 1799.0 1278.0 35
82 1858.5 4138.5 35
81 1763.67 6091.67 35
10 1994.0 8195.0 36
83 1956.0 7597.0 36
84 1903.67 5490.67 36
85 1896.5 4736.5 36
83 1956.0 7597.0 37
9 1918.0 6999.0 37
82 1858.5 4138.5 37
84 1903.67 5490.67 37
82 1858.5 4138.5 38
8 1799.0 1278.0 38
85 1896.5 4736.5 38
84 1903.67 5490.67 38
10 1994.0 8195.0 39
86 1784.0 9096.5 39
87 1828.67 8397.33 39
83 1956.0 7597.0 39
86 1784.0 9096.5 40
7 1574.0 9998.0 40
80 1746.0 8498.5 40
87 1828.67 8397.33 40
80 1746.0 8498.5 41
9 1918.0 6999.0 41
83 1956.0 7597.0 41
87 1828.67 8397.33 41
11 2255.0 2583.0 42
88 2124.5 5389.0 42
89 2016.0 4018.67 42
90 2027.0 1930.5 42
88 2124.5 5389.0 43
10 1994.0 8195.0 43
85 1896.5 4736.5 43
89 2016.0 4018.67 43
85 1896.5 4736.5 44
8 1799.0 1278.0 44
90 2027.0 1930.5 44
89 2016.0 4018.67 44
12 2597.0 7072.0 45
91 2295.5 7633.5 45
92 2282.0 5950.0 45
93 2426.0 4827.5 45
91 2295.5 7633.5 46
10 1994.0 8195.0 46
88 2124.5 5389.0 46
92 2282.0 5950.0 46
88 2124.5 5389.0 47
11 2255.0 2583.0 47
93 2426.0 4827.5 47
92 2282.0 5950.0 47
12 2597.0 7072.0 48
94 2085.5 8535.0 48
95 2055.0 8421.67 48
91 2295.5 7633.5 48
94 2085.5 8535.0 49
7 1574.0 9998.0 49
86 1784.0 9096.5 49
95 2055.0 8421.67 49
86 1784.0 9096.5 50
10 1994.0 8195.0 50
91 2295.5 7633.5 50
95 2055.0 8421.67 50
13 2609.0 5521.0 51
96 2603.0 6296.5 51
97 2487.0 5058.67 51
98 2432.0 4052.0 51
96 2603.0 6296.5 52
12 2597.0 7072.0 52
93 2426.0 4827.5 52
97 2487.0 5058.67 52
93 2426.0 4827.5 53
11 2255.0 2583.0 53
98 2432.0 4052.0 53
97 2487.0 5058.67 53
14 2864.0 4296.0 54
99 2559.5 3439.5 54
100 2306.0 2719.0 54
101 2331.5 2787.0 54
99 2559.5 3439.5 55
11 2255.0 2583.0 55
90 2027.0 1930.5 55
100 2306.0 2719.0 55
90 2027.0 1930.5 56
8 1799.0 1278.0 56
101 2331.5 2787.0 56
100 2306.0 2719.0 56
14 2864.0 4296.0 57
102 2736.5 4908.5 57
103 2576.0 4133.33 57
99 2559.5 3439.5 57
102 2736.5 4908.5 58
13 2609.0 5521.0 58
98 2432.0 4052.0 58
103 2576.0 4133.33 58
98 2432.0 4052.0 59
11 2255.0 2583.0 59
99 2559.5 3439.5 59
103 2576.0 4133.33 59
14 2864.0 4296.0 60
104 2730.5 5684.0 60
105 2690.0 5629.67 60
102 2736.5 4908.5 60
104 2730.5 5684.0 61
12 2597.0 7072.0 61
96 2603.0 6296.5 61
105 2690.0 5629.67 61
96 2603.0 6296.5 62
13 2609.0 5521.0 62
102 2736.5 4908.5 62
105 2690.0 5629.67 62
15 2889.0 3204.0 63
106 2876.5 3750.0 63
107 2517.33 2926.0 63
108 2344.0 2241.0 63
106 2876.5 3750.0 64
14 2864.0 4296.0 64
101 2331.5 2787.0 64
107 2517.33 2926.0 64
101 2331.5 2787.0 65
8 1799.0 1278.0 65
108 2344.0 2241.0 65
107 2517.33 2926.0 65
16 2904.0 2969.0 66
109 2896.5 3086.5 66
110 2530.67 2483.67 66
111 2351.5 2123.5 66
109 2896.5 3086.5 67
15 2889.0 3204.0 67
108 2344.0 2241.0 67
110 2530.67 2483.67 67
108 2344.0 2241.0 68
8 1799.0 1278.0 68
111 2351.5 2123.5 68
110 2530.67 2483.67 68
16 2904.0 2969.0 69
112 2884.0 3632.5 69
113 2885.67 3489.67 69
109 2896.5 3086.5 69
112 2884.0 3632.5 70
14 2864.0 4296.0 70
106 2876.5 3750.0 70
113 2885.67 3489.67 70
106 2876.5 3750.0 71
15 2889.0 3204.0 71
109 2896.5 3086.5 71
113 2885.67 3489.67 71
17 2949.0 7282.0 72
114 2906.5 5789.0 72
115 2905.67 4849.0 72
116 2926.5 5125.5 72
114 2906.5 5789.0 73
14 2864.0 4296.0 73
112 2884.0 3632.5 73
115 2905.67 4849.0 73
112 2884.0 3632.5 74
16 2904.0 2969.0 74
116 2926.5 5125.5 74
115 2905.67 4849.0 74
17 2949.0 7282.0 75
117 2773.0 7177.0 75
118 2803.33 6216.67 75
114 2906.5 5789.0 75
117 2773.0 7177.0 76
12 2597.0 7072.0 76
104 2730.5 5684.0 76
118 2803.33 6216.67 76
104 2730.5 5684.0 77
14 2864.0 4296.0 77
114 2906.5 5789.0 77
118 2803.33 6216.67 77
17 2949.0 7282.0 78
119 2261.5 8640.0 78
120 2373.33 8117.33 78
117 2773.0 7177.0 78
119 2261.5 8640.0 79
7 1574.0 9998.0 79
94 2085.5 8535.0 79
120 2373.33 8117.33 79
94 2085.5 8535.0 80
12 2597.0 7072.0 80
117 2773.0 7177.0 80
120 2373.33 8117.33 80
18 2975.0 8751.0 81
121 2962.0 8016.5 81
122 2942.67 6334.0 81
123 2939.5 5860.0 81
121 2962.0 8016.5 82
17 2949.0 7282.0 82
116 2926.5 5125.5 82
122 2942.67 6334.0 82
116 2926.5 5125.5 83
16 2904.0 2969.0 83
123 2939.5 5860.0 83
122 2942.67 6334.0 83
18 2975.0 8751.0 84
124 2274.5 9374.5 84
125 2499.33 8677.0 84
121 2962.0 8016.5 84
124 2274.5 9374.5 85
7 1574.0 9998.0 85
119 2261.5 8640.0 85
125 2499.33 8677.0 85
119 2261.5 8640.0 86
17 2949.0 7282.0 86
121 2962.0 8016.5 86
125 2499.33 8677.0 86
19 3071.0 4244.0 87
126 3023.0 6497.5 87
127 2983.33 5321.33 87
128 2987.5 3606.5 87
126 3023.0 6497.5 88
18 2975.0 8751.0 88
123 2939.5 5860.0 88
127 2983.33 5321.33 88
123 2939.5 5860.0 89
16 2904.0 2969.0 89
128 2987.5 3606.5 89
127 2983.33 5321.33 89
20 3152.0 9130.0 90
129 3063.5 8940.5 90
130 3066.0 7375.0 90
131 3111.5 6687.0 90
129 3063.5 8940.5 91
18 2975.0 8751.0 91
126 3023.0 6497.5 91
130 3066.0 7375.0 91
126 3023.0 6497.5 92
19 3071.0 4244.0 92
131 3111.5 6687.0 92
130 3066.0 7375.0 92
20 3152.0 9130.0 93
132 2363.0 9564.0 93
133 2567.0 9293.0 93
129 3063.5 8940.5 93
132 2363.0 9564.0 94
7 1574.0 9998.0 94
124 2274.5 9374.5 94
133 2567.0 9293.0 94
124 2274.5 9374.5 95
18 2975.0 8751.0 95
129 3063.5 8940.5 95
133 2567.0 9293.0 95
21 3773.0 6989.0 96
134 3422.0 5616.5 96
135 3249.33 4734.0 96
136 3338.5 4979.0 96
134 3422.0 5616.5 97
19 3071.0 4244.0 97
128 2987.5 3606.5 97
135 3249.33 4734.0 97
128 2987.5 3606.5 98
16 2904.0 2969.0 98
136 3338.5 4979.0 98
135 3249.33 4734.0 98
21 3773.0 6989.0 99
137 3462.5 8059.5 99
138 3332.0 6787.67 99
134 3422.0 5616.5 99
137 3462.5 8059.5 100
20 3152.0 9130.0 100
131 3111.5 6687.0 100
138 3332.0 6787.67 100
131 3111.5 6687.0 101
19 3071.0 4244.0 101
134 3422.0 5616.5 101
138 3332.0 6787.67 101
22 4116.0 2556.0 102
139 2957.5 1917.0 102
140 2396.67 1546.0 102
141 2695.5 1680.0 102
139 2957.5 1917.0 103
8 1799.0 1278.0 103
79 1537.0 1041.0 103
140 2396.67 1546.0 103
79 1537.0 1041.0 104
6 1275.0 804.0 104
141 2695.5 1680.0 104
140 2396.67 1546.0 104
22 4116.0 2556.0 105
142 3510.0 2762.5 105
143 2939.67 2267.67 105
139 2957.5 1917.0 105
142 3510.0 2762.5 106
16 2904.0 2969.0 106
111 2351.5 2123.5 106
143 2939.67 2267.67 106
111 2351.5 2123.5 107
8 1799.0 1278.0 107
139 2957.5 1917.0 107
143 2939.67 2267.67 107
22 4116.0 2556.0 108
144 3944.5 4772.5 108
145 3597.67 4171.33 108
142 3510.0 2762.5 108
144 3944.5 4772.5 109
21 3773.0 6989.0 109
136 3338.5 4979.0 109
145 3597.67 4171.33 109
136 3338.5 4979.0 110
16 2904.0 2969.0 110
142 3510.0 2762.5 110
145 3597.67 4171.33 110
23 4463.0 8645.0 111
146 4118.0 7817.0 111
147 4117.33 6063.33 111
148 4289.5 5600.5 111
146 4118.0 7817.0 112
21 3773.0 6989.0 112
144 3944.5 4772.5 112
147 4117.33 6063.33 112
144 3944.5 4772.5 113
22 4116.0 2556.0 113
148 4289.5 5600.5 113
147 4117.33 6063.33 113
23 4463.0 8645.0 114
149 3807.5 8887.5 114
150 3796.0 8254.67 114
146 4118.0 7817.0 114
149 3807.5 8887.5 115
20 3152.0 9130.0 115
137 3462.5 8059.5 115
150 3796.0 8254.67 115
137 3462.5 8059.5 116
21 3773.0 6989.0 116
146 4118.0 7817.0 116
150 3796.0 8254.67 116
23 4463.0 8645.0 117
151 3018.5 9321.5 117
152 3063.0 9257.67 117
149 3807.5 8887.5 117
151 3018.5 9321.5 118
7 1574.0 9998.0 118
132 2363.0 9564.0 118
152 3063.0 9257.67 118
132 2363.0 9564.0 119
20 3152.0 9130.0 119
149 3807.5 8887.5 119
152 3063.0 9257.67 119
24 4469.0 6200.0 120
153 4466.0 7422.5 120
154 4349.33 5800.33 120
155 4292.5 4378.0 120
153 4466.0 7422.5 121
23 4463.0 8645.0 121
148 4289.5 5600.5 121
154 4349.33 5800.33 121
148 4289.5 5600.5 122
22 4116.0 2556.0 122
155 4292.5 4378.0 122
154 4349.33 5800.33 122
25 4472.0 1417.0 123
156 4294.0 1986.5 123
157 3287.67 1592.33 123
158 2873.5 1110.5 123
156 4294.0 1986.5 124
22 4116.0 2556.0 124
141 2695.5 1680.0 124
157 3287.67 1592.33 124
141 2695.5 1680.0 125
6 1275.0 804.0 125
158 2873.5 1110.5 125
157 3287.67 1592.33 125
25 4472.0 1417.0 126
159 4470.5 3808.5 126
160 4352.33 3391.0 126
156 4294.0 1986.5 126
159 4470.5 3808.5 127
24 4469.0 6200.0 127
155 4292.5 4378.0 127
160 4352.33 3391.0 127
155 4292.5 4378.0 128
22 4116.0 2556.0 128
156 4294.0 1986.5 128
160 4352.33 3391.0 128
26 4610.0 9394.0 129
161 4539.5 7797.0 129
162 4517.0 5670.33 129
163 4541.0 5405.5 129
161 4539.5 7797.0 130
24 4469.0 6200.0 130
159 4470.5 3808.5 130
162 4517.0 5670.33 130
159 4470.5 3808.5 131
25 4472.0 1417.0 131
163 4541.0 5405.5 131
162 4517.0 5670.33 131
26 4610.0 9394.0 132
164 4536.5 9019.5 132
165 4514.0 8079.67 132
161 4539.5 7797.0 132
164 4536.5 9019.5 133
23 4463.0 8645.0 133
153 4466.0 7422.5 133
165 4514.0 8079.67 133
153 4466.0 7422.5 134
24 4469.0 6200.0 134
161 4539.5 7797.0 134
165 4514.0 8079.67 134
26 4610.0 9394.0 135
166 3092.0 9696.0 135
167 3549.0 9345.67 135
164 4536.5 9019.5 135
166 3092.0 9696.0 136
7 1574.0 9998.0 136
151 3018.5 9321.5 136
167 3549.0 9345.67 136
151 3018.5 9321.5 137
23 4463.0 8645.0 137
164 4536.5 9019.5 137
167 3549.0 9345.67 137
27 4671.0 1713.0 138
168 4640.5 5553.5 138
169 4584.33 4174.67 138
170 4571.5 1565.0 138
168 4640.5 5553.5 139
26 4610.0 9394.0 139
163 4541.0 5405.5 139
169 4584.33 4174.67 139
163 4541.0 5405.5 140
25 4472.0 1417.0 140
170 4571.5 1565.0 140
169 4584.33 4174.67 140
28 4689.0 2576.0 141
171 4649.5 5985.0 141
172 4656.67 4561.0 141
173 4680.0 2144.5 141
171 4649.5 5985.0 142
26 4610.0 9394.0 142
168 4640.5 5553.5 142
172 4656.67 4561.0 142
168 4640.5 5553.5 143
27 4671.0 1713.0 143
173 4680.0 2144.5 143
172 4656.67 4561.0 143
29 5355.0 9583.0 144
174 5022.0 6079.5 144
175 4905.0 4624.0 144
176 5013.0 5648.0 144
174 5022.0 6079.5 145
28 4689.0 2576.0 145
173 4680.0 2144.5 145
175 4905.0 4624.0 145
173 4680.0 2144.5 146
27 4671.0 1713.0 146
176 5013.0 5648.0 146
175 4905.0 4624.0 146
29 5355.0 9583.0 147
177 4982.5 9488.5 147
178 4884.67 7184.33 147
174 5022.0 6079.5 147
177 4982.5 9488.5 148
26 4610.0 9394.0 148
171 4649.5 5985.0 148
178 4884.67 7184.33 148
171 4649.5 5985.0 149
28 4689.0 2576.0 149
174 5022.0 6079.5 149
178 4884.67 7184.33 149
29 5355.0 9583.0 150
179 3464.5 9790.5 150
180 3846.33 9658.33 150
177 4982.5 9488.5 150
179 3464.5 9790.5 151
7 1574.0 9998.0 151
166 3092.0 9696.0 151
180 3846.33 9658.33 151
166 3092.0 9696.0 152
26 4610.0 9394.0 152
177 4982.5 9488.5 152
180 3846.33 9658.33 152
30 5586.0 6030.0 153
181 5470.5 7806.5 153
182 5204.0 5775.33 153
183 5128.5 3871.5 153
181 5470.5 7806.5 154
29 5355.0 9583.0 154
176 5013.0 5648.0 154
182 5204.0 5775.33 154
176 5013.0 5648.0 155
27 4671.0 1713.0 155
183 5128.5 3871.5 155
182 5204.0 5775.33 155
31 5962.0 2378.0 156
184 5316.5 2045.5 156
185 5035.0 1836.0 156
186 5217.0 1897.5 156
184 5316.5 2045.5 157
27 4671.0 1713.0 157
170 4571.5 1565.0 157
185 5035.0 1836.0 157
170 4571.5 1565.0 158
25 4472.0 1417.0 158
186 5217.0 1897.5 158
185 5035.0 1836.0 158
31 5962.0 2378.0 159
187 5774.0 4204.0 159
188 5406.33 3373.67 159
184 5316.5 2045.5 159
187 5774.0 4204.0 160
30 5586.0 6030.0 160
183 5128.5 3871.5 160
188 5406.33 3373.67 160
183 5128.5 3871.5 161
27 4671.0 1713.0 161
184 5316.5 2045.5 161
188 5406.33 3373.67 161
31 5962.0 2378.0 162
189 5658.5 5980.5 162
190 5634.33 5997.0 162
187 5774.0 4204.0 162
189 5658.5 5980.5 163
29 5355.0 9583.0 163
181 5470.5 7806.5 163
190 5634.33 5997.0 163
181 5470.5 7806.5 164
30 5586.0 6030.0 164
187 5774.0 4204.0 164
190 5634.33 5997.0 164
32 6201.0 4201.0 165
191 5778.0 6892.0 165
192 5839.33 5387.33 165
193 6081.5 3289.5 165
191 5778.0 6892.0 166
29 5355.0 9583.0 166
189 5658.5 5980.5 166
192 5839.33 5387.33 166
189 5658.5 5980.5 167
31 5962.0 2378.0 167
193 6081.5 3289.5 167
192 5839.33 5387.33 167
33 6260.0 3849.0 168
194 6230.5 4025.0 168
195 6141.0 3476.0 168
196 6111.0 3113.5 168
194 6230.5 4025.0 169
32 6201.0 4201.0 169
193 6081.5 3289.5 169
195 6141.0 3476.0 169
193 6081.5 3289.5 170
31 5962.0 2378.0 170
196 6111.0 3113.5 170
195 6141.0 3476.0 170
33 6260.0 3849.0 171
197 5807.5 6716.0 171
198 5938.67 5877.67 171
194 6230.5 4025.0 171
197 5807.5 6716.0 172
29 5355.0 9583.0 172
191 5778.0 6892.0 172
198 5938.67 5877.67 172
191 5778.0 6892.0 173
32 6201.0 4201.0 173
194 6230.5 4025.0 173
198 5938.67 5877.67 173
34 6303.0 5318.0 174
199 5829.0 7450.5 174
200 5972.67 6250.0 174
201 6281.5 4583.5 174
199 5829.0 7450.5 175
29 5355.0 9583.0 175
197 5807.5 6716.0 175
200 5972.67 6250.0 175
197 5807.5 6716.0 176
33 6260.0 3849.0 176
201 6281.5 4583.5 176
200 5972.67 6250.0 176
35 6371.0 5008.0 177
202 6337.0 5163.0 177
203 6311.33 4725.0 177
204 6315.5 4428.5 177
202 6337.0 5163.0 178
34 6303.0 5318.0 178
201 6281.5 4583.5 178
203 6311.33 4725.0 178
201 6281.5 4583.5 179
33 6260.0 3849.0 179
204 6315.5 4428.5 179
203 6311.33 4725.0 179
36 6583.0 6294.0 180
205 6477.0 5651.0 180
206 6404.67 5050.33 180
207 6421.5 5071.5 180
205 6477.0 5651.0 181
35 6371.0 5008.0 181
204 6315.5 4428.5 181
206 6404.67 5050.33 181
204 6315.5 4428.5 182
33 6260.0 3849.0 182
207 6421.5 5071.5 182
206 6404.67 5050.33 182
36 6583.0 6294.0 183
208 6443.0 5806.0 183
209 6419.0 5540.0 183
205 6477.0 5651.0 183
208 6443.0 5806.0 184
34 6303.0 5318.0 184
202 6337.0 5163.0 184
209 6419.0 5540.0 184
202 6337.0 5163.0 185
35 6371.0 5008.0 185
205 6477.0 5651.0 185
209 6419.0 5540.0 185
36 6583.0 6294.0 186
210 5969.0 7938.5 186
211 6080.33 7065.0 186
208 6443.0 5806.0 186
210 5969.0 7938.5 187
29 5355.0 9583.0 187
199 5829.0 7450.5 187
211 6080.33 7065.0 187
199 5829.0 7450.5 188
34 6303.0 5318.0 188
208 6443.0 5806.0 188
211 6080.33 7065.0 188
37 7357.0 6870.0 189
212 6808.5 5359.5 189
213 6526.33 4365.67 189
214 6659.5 4624.0 189
212 6808.5 5359.5 190
33 6260.0 3849.0 190
196 6111.0 3113.5 190
213 6526.33 4365.67 190
196 6111.0 3113.5 191
31 5962.0 2378.0 191
214 6659.5 4624.0 191
213 6526.33 4365.67 191
37 7357.0 6870.0 192
215 6970.0 6582.0 192
216 6733.33 5671.0 192
212 6808.5 5359.5 192
215 6970.0 6582.0 193
36 6583.0 6294.0 193
207 6421.5 5071.5 193
216 6733.33 5671.0 193
207 6421.5 5071.5 194
33 6260.0 3849.0 194
212 6808.5 5359.5 194
216 6733.33 5671.0 194
37 7357.0 6870.0 195
217 6356.0 8226.5 195
218 6431.67 7582.33 195
215 6970.0 6582.0 195
217 6356.0 8226.5 196
29 5355.0 9583.0 196
210 5969.0 7938.5 196
218 6431.67 7582.33 196
210 5969.0 7938.5 197
36 6583.0 6294.0 197
215 6970.0 6582.0 197
218 6431.67 7582.33 197
38 7470.0 1845.0 198
219 5971.0 1631.0 198
220 4405.67 1355.33 198
221 4372.5 1324.5 198
219 5971.0 1631.0 199
25 4472.0 1417.0 199
158 2873.5 1110.5 199
220 4405.67 1355.33 199
158 2873.5 1110.5 200
6 1275.0 804.0 200
221 4372.5 1324.5 200
220 4405.67 1355.33 200
38 7470.0 1845.0 201
222 6716.0 2111.5 201
223 5968.0 1880.0 201
219 5971.0 1631.0 201
222 6716.0 2111.5 202
31 5962.0 2378.0 202
186 5217.0 1897.5 202
223 5968.0 1880.0 202
186 5217.0 1897.5 203
25 4472.0 1417.0 203
219 5971.0 1631.0 203
223 5968.0 1880.0 203
38 7470.0 1845.0 204
224 7413.5 4357.5 204
225 6929.67 3697.67 204
222 6716.0 2111.5 204
224 7413.5 4357.5 205
37 7357.0 6870.0 205
214 6659.5 4624.0 205
225 6929.67 3697.67 205
214 6659.5 4624.0 206
31 5962.0 2378.0 206
222 6716.0 2111.5 206
225 6929.67 3697.67 206
39 7664.0 4993.0 207
226 7510.5 5931.5 207
227 7497.0 4569.33 207
228 7567.0 3419.0 207
226 7510.5 5931.5 208
37 7357.0 6870.0 208
224 7413.5 4357.5 208
227 7497.0 4569.33 208
224 7413.5 4357.5 209
38 7470.0 1845.0 209
228 7567.0 3419.0 209
227 7497.0 4569.33 209
40 7873.0 2588.0 210
229 7768.5 3790.5 210
230 7669.0 3142.0 210
231 7671.5 2216.5 210
229 7768.5 3790.5 211
39 7664.0 4993.0 211
228 7567.0 3419.0 211
230 7669.0 3142.0 211
228 7567.0 3419.0 212
38 7470.0 1845.0 212
231 7671.5 2216.5 212
230 7669.0 3142.0 212
41 8140.0 3613.0 213
232 7902.0 4303.0 213
233 7892.33 3731.33 213
234 8006.5 3100.5 213
232 7902.0 4303.0 214
39 7664.0 4993.0 214
229 7768.5 3790.5 214
233 7892.33 3731.33 214
229 7768.5 3790.5 215
40 7873.0 2588.0 215
234 8006.5 3100.5 215
233 7892.33 3731.33 215
41 8140.0 3613.0 216
235 7748.5 5241.5 216
236 7720.33 5158.67 216
232 7902.0 4303.0 216
235 7748.5 5241.5 217
37 7357.0 6870.0 217
226 7510.5 5931.5 217
236 7720.33 5158.67 217
226 7510.5 5931.5 218
39 7664.0 4993.0 218
232 7902.0 4303.0 218
236 7720.33 5158.67 218
42 8239.0 1554.0 219
237 7854.5 1699.5 219
238 5661.33 1401.0 219
239 4757.0 1179.0 219
237 7854.5 1699.5 220
38 7470.0 1845.0 220
221 4372.5 1324.5 220
238 5661.33 1401.0 220
221 4372.5 1324.5 221
6 1275.0 804.0 221
239 4757.0 1179.0 221
238 5661.33 1401.0 221
42 8239.0 1554.0 222
240 8056.0 2071.0 222
241 7860.67 1995.67 222
237 7854.5 1699.5 222
240 8056.0 2071.0 223
40 7873.0 2588.0 223
231 7671.5 2216.5 223
241 7860.67 1995.67 223
231 7671.5 2216.5 224
38 7470.0 1845.0 224
237 7854.5 1699.5 224
241 7860.67 1995.67 224
42 8239.0 1554.0 225
242 8189.5 2583.5 225
243 8084.0 2585.0 225
240 8056.0 2071.0 225
242 8189.5 2583.5 226
41 8140.0 3613.0 226
234 8006.5 3100.5 226
243 8084.0 2585.0 226
234 8006.5 3100.5 227
40 7873.0 2588.0 227
240 8056.0 2071.0 227
243 8084.0 2585.0 227
43 8471.0 8441.0 228
244 8305.5 6027.0 228
245 8283.33 4536.0 228
246 8355.0 4997.5 228
244 8305.5 6027.0 229
41 8140.0 3613.0 229
242 8189.5 2583.5 229
245 8283.33 4536.0 229
242 8189.5 2583.5 230
42 8239.0 1554.0 230
246 8355.0 4997.5 230
245 8283.33 4536.0 230
43 8471.0 8441.0 231
247 7914.0 7655.5 231
248 7989.33 6308.0 231
244 8305.5 6027.0 231
247 7914.0 7655.5 232
37 7357.0 6870.0 232
235 7748.5 5241.5 232
248 7989.33 6308.0 232
235 7748.5 5241.5 233
41 8140.0 3613.0 233
244 8305.5 6027.0 233
248 7989.33 6308.0 233
43 8471.0 8441.0 234
249 6913.0 9012.0 234
250 7061.0 8298.0 234
247 7914.0 7655.5 234
249 6913.0 9012.0 235
29 5355.0 9583.0 235
217 6356.0 8226.5 235
250 7061.0 8298.0 235
217 6356.0 8226.5 236
37 7357.0 6870.0 236
247 7914.0 7655.5 236
250 7061.0 8298.0 236
44 8624.0 774.0 237
251 8431.5 1164.0 237
252 6046.0 1044.0 237
253 4949.5 789.0 237
251 8431.5 1164.0 238
42 8239.0 1554.0 238
239 4757.0 1179.0 238
252 6046.0 1044.0 238
239 4757.0 1179.0 239
6 1275.0 804.0 239
253 4949.5 789.0 239
252 6046.0 1044.0 239
44 8624.0 774.0 240
254 8547.5 4607.5 240
255 8444.67 3589.67 240
251 8431.5 1164.0 240
254 8547.5 4607.5 241
43 8471.0 8441.0 241
246 8355.0 4997.5 241
255 8444.67 3589.67 241
246 8355.0 4997.5 242
42 8239.0 1554.0 242
251 8431.5 1164.0 242
255 8444.67 3589.67 242
45 8894.0 6418.0 243
256 8682.5 7429.5 243
257 8663.0 5211.0 243
258 8759.0 3596.0 243
256 8682.5 7429.5 244
43 8471.0 8441.0 244
254 8547.5 4607.5 244
257 8663.0 5211.0 244
254 8547.5 4607.5 245
44 8624.0 774.0 245
258 8759.0 3596.0 245
257 8663.0 5211.0 245
46 8938.0 499.0 246
259 8781.0 636.5 246
260 6279.0 692.33 246
261 5106.5 651.5 246
259 8781.0 636.5 247
44 8624.0 774.0 247
253 4949.5 789.0 247
260 6279.0 692.33 247
253 4949.5 789.0 248
6 1275.0 804.0 248
261 5106.5 651.5 248
260 6279.0 692.33 248
46 8938.0 499.0 249
262 8916.0 3458.5 249
263 8818.67 2563.67 249
259 8781.0 636.5 249
262 8916.0 3458.5 250
45 8894.0 6418.0 250
258 8759.0 3596.0 250
263 8818.67 2563.67 250
258 8759.0 3596.0 251
44 8624.0 774.0 251
259 8781.0 636.5 251
263 8818.67 2563.67 251
47 9689.0 2843.0 252
264 9291.5 4630.5 252
265 9173.67 3253.33 252
266 9313.5 1671.0 252
264 9291.5 4630.5 253
45 8894.0 6418.0 253
262 8916.0 3458.5 253
265 9173.67 3253.33 253
262 8916.0 3458.5 254
46 8938.0 499.0 254
266 9313.5 1671.0 254
265 9173.67 3253.33 254
47 9689.0 2843.0 255
267 9080.0 5642.0 255
268 9018.0 5900.67 255
264 9291.5 4630.5 255
267 9080.0 5642.0 256
43 8471.0 8441.0 256
256 8682.5 7429.5 256
268 9018.0 5900.67 256
256 8682.5 7429.5 257
45 8894.0 6418.0 257
264 9291.5 4630.5 257
268 9018.0 5900.67 257
48 9827.0 71.0 258
269 9382.5 285.0 258
270 6680.0 458.0 258
271 5551.0 437.5 258
269 9382.5 285.0 259
46 8938.0 499.0 259
261 5106.5 651.5 259
270 6680.0 458.0 259
261 5106.5 651.5 260
6 1275.0 804.0 260
271 5551.0 437.5 260
270 6680.0 458.0 260
48 9827.0 71.0 261
272 9758.0 1457.0 261
273 9484.67 1137.67 261
269 9382.5 285.0 261
272 9758.0 1457.0 262
47 9689.0 2843.0 262
266 9313.5 1671.0 262
273 9484.67 1137.67 262
266 9313.5 1671.0 263
46 8938.0 499.0 263
269 9382.5 285.0 263
273 9484.67 1137.67 263
49 9871.0 3735.0 264
274 9780.0 3289.0 264
275 9795.67 2216.33 264
276 9849.0 1903.0 264
274 9780.0 3289.0 265
47 9689.0 2843.0 265
272 9758.0 1457.0 265
275 9795.67 2216.33 265
272 9758.0 1457.0 266
48 9827.0 71.0 266
276 9849.0 1903.0 266
275 9795.67 2216.33 266
49 9871.0 3735.0 267
277 9171.0 6088.0 267
278 9343.67 5006.33 267
274 9780.0 3289.0 267
277 9171.0 6088.0 268
43 8471.0 8441.0 268
267 9080.0 5642.0 268
278 9343.67 5006.33 268
267 9080.0 5642.0 269
47 9689.0 2843.0 269
274 9780.0 3289.0 269
278 9343.67 5006.33 269
