V x y t
1 17 178 0
5 79 313 0
0 16 339 0
3 48 711 1
2 25 775 1
0 16 339 1
1 17 178 2
11 164 224 2
5 79 313 2
0 16 339 3
5 79 313 3
10 156 440 3
11 164 224 4
1 17 178 4
4 78 47 4
5 79 313 5
6 114 307 5
10 156 440 5
2 25 775 6
9 146 826 6
8 142 835 6
2 25 775 7
8 142 835 7
7 131 969 7
9 146 826 8
2 25 775 8
3 48 711 8
3 48 711 9
10 156 440 9
15 238 503 9
8 142 835 10
9 146 826 10
17 258 884 10
11 164 224 11
14 237 205 11
6 114 307 11
10 156 440 12
3 48 711 12
0 16 339 12
11 164 224 13
6 114 307 13
5 79 313 13
14 237 205 14
11 164 224 14
13 225 200 14
12 218 714 15
9 146 826 15
3 48 711 15
9 146 826 16
12 218 714 16
16 247 774 16
13 225 200 17
11 164 224 17
4 78 47 17
6 114 307 18
14 237 205 18
20 288 216 18
14 237 205 19
13 225 200 19
21 292 196 19
6 114 307 20
20 288 216 20
22 297 303 20
3 48 711 21
15 238 503 21
18 270 600 21
18 270 600 22
12 218 714 22
3 48 711 22
12 218 714 23
18 270 600 23
25 327 762 23
9 146 826 24
16 247 774 24
17 258 884 24
25 327 762 25
16 247 774 25
12 218 714 25
17 258 884 26
7 131 969 26
8 142 835 26
10 156 440 27
22 297 303 27
23 303 395 27
16 247 774 28
25 327 762 28
26 344 853 28
19 278 943 29
7 131 969 29
17 258 884 29
21 292 196 30
20 288 216 30
14 237 205 30
22 297 303 31
10 156 440 31
6 114 307 31
23 303 395 32
15 238 503 32
10 156 440 32
21 292 196 33
29 365 145 33
13 225 200 33
21 292 196 34
31 378 207 34
20 288 216 34
15 238 503 35
23 303 395 35
24 311 498 35
22 297 303 36
20 288 216 36
31 378 207 36
24 311 498 37
18 270 600 37
15 238 503 37
31 378 207 38
21 292 196 38
28 363 151 38
18 270 600 39
24 311 498 39
27 347 551 39
26 344 853 40
17 258 884 40
16 247 774 40
18 270 600 41
27 347 551 41
35 417 706 41
35 417 706 42
25 327 762 42
18 270 600 42
26 344 853 43
19 278 943 43
17 258 884 43
24 311 498 44
23 303 395 44
34 409 421 44
29 365 145 45
28 363 151 45
21 292 196 45
32 386 324 46
23 303 395 46
22 297 303 46
31 378 207 47
32 386 324 47
22 297 303 47
29 365 145 48
13 225 200 48
4 78 47 48
31 378 207 49
28 363 151 49
29 365 145 49
30 375 790 50
26 344 853 50
25 327 762 50
23 303 395 51
32 386 324 51
34 409 421 51
34 409 421 52
27 347 551 52
24 311 498 52
35 417 706 53
30 375 790 53
25 327 762 53
33 408 866 54
26 344 853 54
30 375 790 54
33 408 866 55
19 278 943 55
26 344 853 55
32 386 324 56
36 439 337 56
34 409 421 56
27 347 551 57
34 409 421 57
40 539 522 57
30 375 790 58
35 417 706 58
42 552 742 58
31 378 207 59
29 365 145 59
38 476 61 59
36 439 337 60
32 386 324 60
31 378 207 60
34 409 421 61
36 439 337 61
37 453 366 61
27 347 551 62
40 539 522 62
41 550 611 62
36 439 337 63
38 476 61 63
43 573 403 63
35 417 706 64
41 550 611 64
42 552 742 64
38 476 61 65
29 365 145 65
4 78 47 65
38 476 61 66
36 439 337 66
31 378 207 66
34 409 421 67
43 573 403 67
40 539 522 67
33 408 866 68
42 552 742 68
45 576 810 68
39 511 901 69
19 278 943 69
33 408 866 69
43 573 403 70
34 409 421 70
37 453 366 70
41 550 611 71
35 417 706 71
27 347 551 71
42 552 742 72
33 408 866 72
30 375 790 72
43 573 403 73
37 453 366 73
36 439 337 73
40 539 522 74
43 573 403 74
46 606 465 74
40 539 522 75
46 606 465 75
48 688 621 75
42 552 742 76
41 550 611 76
48 688 621 76
42 552 742 77
44 576 765 77
45 576 810 77
45 576 810 78
39 511 901 78
33 408 866 78
43 573 403 79
47 664 443 79
46 606 465 79
48 688 621 80
41 550 611 80
40 539 522 80
48 688 621 81
46 606 465 81
47 664 443 81
43 573 403 82
51 736 98 82
52 766 374 82
48 688 621 83
44 576 765 83
42 552 742 83
44 576 765 84
48 688 621 84
56 794 725 84
45 576 810 85
50 735 835 85
49 707 900 85
49 707 900 86
39 511 901 86
45 576 810 86
39 511 901 87
49 707 900 87
57 796 977 87
57 796 977 88
19 278 943 88
39 511 901 88
47 664 443 89
52 766 374 89
53 773 496 89
50 735 835 90
45 576 810 90
44 576 765 90
51 736 98 91
43 573 403 91
38 476 61 91
52 766 374 92
47 664 443 92
43 573 403 92
53 773 496 93
48 688 621 93
47 664 443 93
48 688 621 94
53 773 496 94
55 793 618 94
56 794 725 95
50 735 835 95
44 576 765 95
54 774 872 96
49 707 900 96
50 735 835 96
58 816 437 97
53 773 496 97
52 766 374 97
53 773 496 98
58 816 437 98
59 823 442 98
48 688 621 99
55 793 618 99
56 794 725 99
56 794 725 100
54 774 872 100
50 735 835 100
54 774 872 101
56 794 725 101
62 869 695 101
57 796 977 102
49 707 900 102
54 774 872 102
57 796 977 103
7 131 969 103
19 278 943 103
58 816 437 104
52 766 374 104
60 849 313 104
53 773 496 105
59 823 442 105
61 866 561 105
61 866 561 106
55 793 618 106
53 773 496 106
58 816 437 107
60 849 313 107
63 892 396 107
55 793 618 108
61 866 561 108
62 869 695 108
60 849 313 109
52 766 374 109
51 736 98 109
59 823 442 110
63 892 396 110
61 866 561 110
62 869 695 111
56 794 725 111
55 793 618 111
54 774 872 112
62 869 695 112
68 981 918 112
63 892 396 113
59 823 442 113
58 816 437 113
61 866 561 114
63 892 396 114
69 983 516 114
65 930 14 115
51 736 98 115
38 476 61 115
51 736 98 116
65 930 14 116
64 928 51 116
64 928 51 117
60 849 313 117
51 736 98 117
60 849 313 118
64 928 51 118
67 969 38 118
67 969 38 119
63 892 396 119
60 849 313 119
65 930 14 120
38 476 61 120
4 78 47 120
67 969 38 121
69 983 516 121
63 892 396 121
66 949 658 122
62 869 695 122
61 866 561 122
62 869 695 123
66 949 658 123
68 981 918 123
67 969 38 124
64 928 51 124
65 930 14 124
66 949 658 125
69 983 516 125
68 981 918 125
68 981 918 126
57 796 977 126
54 774 872 126
69 983 516 127
66 949 658 127
61 866 561 127
