V x y Q
71 846 960 0
70 841 959 0
65 811 104 0
72 872 137 0
79 906 779 1
75 895 980 1
76 896 635 1
78 906 139 1
38 457 280 2
35 408 914 2
36 413 468 2
37 437 75 2
7 92 871 3
5 63 651 3
1 29 38 3
8 106 242 3
17 170 800 4
12 128 865 4
15 145 432 4
16 166 38 4
66 816 927 5
64 809 831 5
65 811 104 5
67 822 780 5
69 837 901 6
68 833 806 6
65 811 104 6
70 841 959 6
89 997 647 7
83 926 972 7
86 952 565 7
88 985 190 7
75 895 980 8
73 875 754 8
74 878 223 8
76 896 635 8
59 777 834 9
56 672 598 9
58 742 102 9
60 795 300 9
80 911 855 10
79 906 779 10
78 906 139 10
81 915 816 10
25 308 642 11
23 275 741 11
20 215 341 11
24 301 26 11
62 803 980 12
59 777 834 12
61 803 278 12
63 804 735 12
30 341 255 13
26 309 931 13
28 321 429 13
29 327 244 13
3 38 417 14
2 33 705 14
0 10 19 14
1 29 38 14
12 128 865 15
11 117 728 15
8 106 242 15
13 129 697 15
45 522 921 16
43 498 866 16
44 518 300 16
46 527 849 16
73 875 754 17
71 846 960 17
72 872 137 17
74 878 223 17
82 924 753 18
81 915 816 18
78 906 139 18
84 927 688 18
22 227 974 19
17 170 800 19
21 225 408 19
23 275 741 19
64 809 831 20
63 804 735 20
61 803 278 20
65 811 104 20
32 382 800 21
31 361 582 21
30 341 255 21
33 397 465 21
35 408 914 22
32 382 800 22
34 407 369 22
36 413 468 22
41 481 367 23
39 460 732 23
38 457 280 23
40 463 212 23
27 315 543 24
25 308 642 24
24 301 26 24
28 321 429 24
15 145 432 25
12 128 865 25
13 129 697 25
14 132 348 25
10 112 740 26
9 107 739 26
8 106 242 26
11 117 728 26
53 580 665 27
51 576 572 27
52 576 183 27
54 591 647 27
33 397 465 28
30 341 255 28
24 301 26 28
34 407 369 28
58 742 102 29
37 437 75 29
24 301 26 29
65 811 104 29
43 498 866 30
39 460 732 30
42 497 423 30
44 518 300 30
19 214 476 31
18 171 85 31
16 166 38 31
20 215 341 31
4 41 854 32
2 33 705 32
3 38 417 32
5 63 651 32
86 952 565 33
84 927 688 33
78 906 139 33
87 956 346 33
49 546 449 34
46 527 849 34
47 529 631 34
48 543 436 34
59 777 834 35
45 522 921 35
54 591 647 35
56 672 598 35
26 309 931 36
22 227 974 36
23 275 741 36
25 308 642 36
62 803 980 37
22 227 974 37
35 408 914 37
45 522 921 37
56 672 598 38
54 591 647 38
52 576 183 38
55 655 367 38
85 927 933 39
83 926 972 39
82 924 753 39
84 927 688 39
51 576 572 40
49 546 449 40
44 518 300 40
52 576 183 40
6 69 919 41
4 41 854 41
5 63 651 41
7 92 871 41
54 591 647 42
45 522 921 42
50 569 699 42
53 580 665 42
50 569 699 43
46 527 849 43
49 546 449 43
51 576 572 43
57 684 406 44
55 655 367 44
52 576 183 44
58 742 102 44
44 518 300 45
40 463 212 45
37 437 75 45
52 576 183 45
42 497 423 46
41 481 367 46
40 463 212 46
44 518 300 46
61 803 278 47
60 795 300 47
58 742 102 47
65 811 104 47
16 166 38 48
1 29 38 48
0 10 19 48
24 301 26 48
12 128 865 49
7 92 871 49
10 112 740 49
11 117 728 49
69 837 901 50
66 816 927 50
67 822 780 50
68 833 806 50
83 926 972 51
80 911 855 51
81 915 816 51
82 924 753 51
70 841 959 52
62 803 980 52
66 816 927 52
69 837 901 52
22 227 974 53
6 69 919 53
7 92 871 53
12 128 865 53
75 895 980 54
62 803 980 54
70 841 959 54
71 846 960 54
5 63 651 55
3 38 417 55
1 29 38 55
9 107 739 56
7 92 871 56
8 106 242 56
10 112 740 57
7 92 871 57
9 107 739 57
14 132 348 58
13 129 697 58
8 106 242 58
16 166 38 59
8 106 242 59
1 29 38 59
16 166 38 60
14 132 348 60
8 106 242 60
16 166 38 61
15 145 432 61
14 132 348 61
18 171 85 62
17 170 800 62
16 166 38 62
19 214 476 63
17 170 800 63
18 171 85 63
21 225 408 64
19 214 476 64
20 215 341 64
21 225 408 65
17 170 800 65
19 214 476 65
22 227 974 66
12 128 865 66
17 170 800 66
23 275 741 67
21 225 408 67
20 215 341 67
24 301 26 68
20 215 341 68
16 166 38 68
27 315 543 69
26 309 931 69
25 308 642 69
28 321 429 70
26 309 931 70
27 315 543 70
29 327 244 71
28 321 429 71
24 301 26 71
30 341 255 72
29 327 244 72
24 301 26 72
31 361 582 73
26 309 931 73
30 341 255 73
32 382 800 74
26 309 931 74
31 361 582 74
34 407 369 75
32 382 800 75
33 397 465 75
35 408 914 76
26 309 931 76
32 382 800 76
35 408 914 77
22 227 974 77
26 309 931 77
37 437 75 78
34 407 369 78
24 301 26 78
37 437 75 79
36 413 468 79
34 407 369 79
39 460 732 80
35 408 914 80
38 457 280 80
40 463 212 81
38 457 280 81
37 437 75 81
42 497 423 82
39 460 732 82
41 481 367 82
43 498 866 83
35 408 914 83
39 460 732 83
45 522 921 84
35 408 914 84
43 498 866 84
47 529 631 85
46 527 849 85
44 518 300 85
48 543 436 86
47 529 631 86
44 518 300 86
49 546 449 87
48 543 436 87
44 518 300 87
50 569 699 88
45 522 921 88
46 527 849 88
53 580 665 89
50 569 699 89
51 576 572 89
57 684 406 90
56 672 598 90
55 655 367 90
58 742 102 91
52 576 183 91
37 437 75 91
58 742 102 92
56 672 598 92
57 684 406 92
61 803 278 93
59 777 834 93
60 795 300 93
62 803 980 94
45 522 921 94
59 777 834 94
64 809 831 95
62 803 980 95
63 804 735 95
66 816 927 96
62 803 980 96
64 809 831 96
68 833 806 97
67 822 780 97
65 811 104 97
75 895 980 98
71 846 960 98
73 875 754 98
77 896 561 99
76 896 635 99
74 878 223 99
78 906 139 100
72 872 137 100
65 811 104 100
78 906 139 101
74 878 223 101
72 872 137 101
78 906 139 102
77 896 561 102
74 878 223 102
78 906 139 103
76 896 635 103
77 896 561 103
80 911 855 104
75 895 980 104
79 906 779 104
83 926 972 105
75 895 980 105
80 911 855 105
86 952 565 106
85 927 933 106
84 927 688 106
86 952 565 107
83 926 972 107
85 927 933 107
88 985 190 108
87 956 346 108
78 906 139 108
88 985 190 109
86 952 565 109
87 956 346 109
