Distance V0 V1 t0 t1
856.7152385711368 71 65 131 133
855.5261538959518 70 65 129 131
841.0719350923558 78 75 145 146
839.5010422864286 37 35 65 66
835.3789559235977 7 1 6 8
827.8725747359916 16 12 25 26
823.4105901675057 72 71 133 134
823.0151881952117 66 65 121 123
797.423977567768 69 65 126 129
784.222544944992 88 83 163 164
762.0104986153407 17 16 26 27
757.190861011938 75 74 136 139
732.8362709364213 59 58 107 109
727.0027510264318 65 64 120 121
716.0174578877251 80 78 147 149
715.4725711024847 24 23 40 41
715.0006993003574 18 17 27 29
702.3446447435903 68 65 124 126
702.0 62 61 112 115
687.2357674044621 29 26 49 51
677.0598201045459 81 78 149 150
676.7569726275452 30 26 51 52
676.0894911178549 67 65 123 124
667.0119938951623 1 2 0 1
640.0 79 78 146 147
635.8907138809309 38 35 66 67
629.1557835703333 8 7 8 9
623.3883219952071 12 8 14 17
621.0128823140467 45 44 78 81
617.0072933118377 73 72 134 135
616.0397714433703 25 24 41 44
614.2637869840611 82 78 150 154
613.9421796879573 5 1 3 6
566.3532466579493 44 43 77 78
566.0035335578746 22 21 33 37
556.60758169468 61 59 111 112
553.0325487708658 64 61 116 120
549.401492535286 84 78 154 157
549.0737655361072 46 44 81 82
546.5400259816292 32 30 53 56
545.0009174304205 35 34 59 62
534.3032846614365 60 59 109 111
531.0084745086466 74 73 135 136
520.0086537741463 40 39 69 70
517.189520388803 27 24 44 46
517.0154736562533 14 12 19 20
502.14340581152715 28 26 47 49
500.9151624776395 58 56 106 107
498.03614326673124 10 8 10 12
497.0010060351991 9 8 9 10
496.1007962098026 78 76 144 145
486.1244696577205 11 8 12 14
482.01659722461835 53 52 93 96
464.24239358335205 54 52 96 98
457.0010940905941 63 61 115 116
455.5809478018149 13 8 17 18
452.0099556425721 39 38 67 69
449.3740090392411 33 24 55 57
447.50083798804224 58 24 103 118
446.02802602527123 36 35 62 65
443.0011286667338 43 42 73 77
440.6222872256917 19 16 28 30
437.0102973615153 4 3 2 4
433.3335897435139 15 12 20 25
431.7244491570984 34 32 58 59
428.47637041031794 86 78 157 160
422.11846678391123 78 77 143 144
413.30981115865126 48 46 84 86
412.393016429716 76 74 139 140
407.82962128810607 86 83 159 163
404.4749683231337 23 20 36 40
403.4959727184399 28 24 46 48
400.4509957535379 49 46 86 87
395.8396139852604 21 17 32 33
394.55924776895034 16 15 24 25
393.7321424522006 37 36 64 65
393.3573438999201 19 18 28 29
389.0 52 51 92 93
388.0463889794621 27 26 45 47
379.10684509779037 3 1 1 3
376.44919976007384 88 86 162 163
368.84820726146955 86 85 158 159
365.60361048545457 41 39 70 72
359.00557098741524 34 24 57 63
356.1305940241585 56 45 100 108
352.8526604689272 31 26 52 54
349.0128937446294 14 13 18 19
345.00144927231827 76 75 139 145
341.73820389298004 25 22 42 43
338.47895060106765 77 74 140 143
336.7328317821118 23 21 36 37
335.3356527421443 33 32 56 58
331.18272901828686 47 44 82 83
327.61104987469514 31 30 52 53
326.97400508297295 19 17 29 32
326.52871236692187 24 20 39 40
311.8589424723941 16 14 23 24
311.20732639190874 42 39 72 73
309.48344059093046 58 57 105 106
306.93647551244214 20 16 30 39
306.1927497508718 58 37 103 104
299.7232056414718 45 22 80 114
295.526648544594 37 34 63 64
289.0017300986276 26 25 43 45
288.0433995077825 3 2 1 2
287.2211691362599 55 54 98 99
287.1271495348359 62 45 113 114
284.0017605579233 84 83 155 156
282.5544195371928 54 45 97 100
278.1150840928985 51 44 89 92
269.4327374318125 59 45 108 113
268.06715576511795 6 5 5 7
262.48809496813374 53 45 95 97
258.30408436569485 59 56 107 108
251.05577069647293 50 49 87 90
247.7761086142084 57 52 101 105
245.00204080782677 63 62 115 117
245.0 85 84 156 158
239.1359446005556 44 37 75 91
237.89283301520456 23 22 37 42
235.33168082517065 5 3 3 4
232.4672019877213 30 24 50 55
231.62469643800938 56 55 99 102
226.9206909913682 50 45 88 95
226.88322987827902 75 73 136 137
221.90313201935658 7 5 6 7
219.5449840010015 29 24 48 50
219.036526634258 87 86 160 162
219.0091322296858 32 31 53 54
219.00913222968578 83 82 152 155
218.04815981796315 8 1 8 22
218.00917411888884 47 46 82 84
217.33844574764032 33 30 55 56
213.72178176311368 42 40 71 76
212.9530464679949 87 78 160 161
212.64054176003222 16 8 22 23
208.03124765284662 73 71 134 137
205.97329924045982 38 37 66 68
204.97072961767003 60 58 109 110
204.1886382735337 5 4 4 5
201.30076999355967 79 75 146 148
200.24235316236172 55 52 98 101
195.5019181491578 48 47 83 84
192.37463450257678 57 56 102 106
190.68560512005092 35 22 61 80
189.2828571212935 39 35 67 74
186.2713075060139 61 58 110 119
185.09727172489605 29 28 48 49
184.70787747142782 58 52 104 105
183.09833423600554 22 17 33 34
176.02556632489498 52 37 91 104
174.18381095842403 65 61 119 120
168.00297616411441 13 12 17 19
158.67261893597143 88 87 161 162
157.15279189374905 16 0 21 38
156.0416611036937 41 40 70 71
155.76905982896605 50 46 87 88
151.60804727981954 49 44 85 89
149.96666296213968 32 26 54 60
149.12075643584967 64 62 117 122
148.296999295333 62 59 112 113
147.24808997063425 22 12 34 35
147.12239802287075 67 66 123 125
145.16886718577095 11 7 13 15
144.55794685869054 37 24 63 103
139.44532978913276 40 37 68 75
139.2838827718412 43 39 73 74
138.27870407260838 48 44 83 85
137.44089638822936 12 11 14 15
137.0 16 1 21 22
135.5322839769182 24 16 38 39
135.00370365289984 20 19 30 31
132.84953895290718 9 7 9 11
132.51792331605563 10 7 11 13
130.58713566044705 52 44 91 92
127.19276708995682 51 50 90 94
126.60568707605516 51 49 89 90
126.01983970788092 80 75 148 153
125.51493934986384 86 84 157 158
124.77980605851252 44 42 76 77
122.18837915284742 68 66 125 127
117.95761950802499 83 80 152 153
116.92732785794773 35 32 59 60
114.21471008587291 45 35 79 80
114.15778554264269 28 27 46 47
109.14210919713801 14 8 18 23
104.35516278555653 25 23 41 42
103.77379245262263 44 40 75 76
102.82509421342634 82 80 151 152
102.0 43 35 74 79
100.44899203078148 35 26 60 61
99.24716620639605 27 25 44 45
99.18165152889922 36 34 62 64
96.51942809610922 34 33 57 58
96.25487000666513 66 64 121 122
96.13012014972207 64 63 116 117
95.08417323613851 69 68 126 127
94.66784036831092 56 54 99 100
93.08598175880189 53 51 93 94
92.59049627256569 26 22 43 61
88.54377448471463 78 74 142 143
86.20904824900921 74 72 135 142
86.00581375697807 69 62 128 130
85.0 15 14 20 24
79.98124780221924 12 6 16 35
77.3886296557834 17 12 26 34
76.16429609731846 80 79 147 148
74.0 77 76 140 144
72.17340230306452 46 45 81 88
69.35416353759881 72 65 133 141
69.02897942168927 65 58 118 119
68.88396039717809 21 19 31 32
68.26419266350405 40 38 68 69
67.7421582177598 21 20 31 36
65.06919393998974 84 82 154 155
63.63961030678928 82 81 150 151
60.00833275470998 45 43 78 79
58.24087911424415 42 41 71 72
58.13776741499453 70 69 129 130
54.571054598569006 66 62 122 128
53.225933528685054 7 6 7 16
52.92447448959697 75 71 137 138
48.60041152089147 57 55 101 102
47.4236228055175 71 62 132 138
47.265209192385896 18 16 27 28
43.41658669218482 70 62 130 132
39.20459156782532 81 80 149 151
39.01281840626232 85 83 156 159
36.49657518178931 12 7 15 16
35.73513677041127 53 50 94 95
34.058772731852805 78 72 141 142
33.421549934136806 69 66 127 128
28.23118842698621 68 67 124 125
26.870057685088806 0 1 0 21
23.40939982143925 61 60 110 111
21.095023109728988 54 53 96 97
17.804493814764854 30 29 50 51
13.341664064126334 49 48 85 86
13.0 11 10 12 13
5.099019513592785 71 70 131 132
5.099019513592785 10 9 10 11
