Distance V0 V1 t0 t1
447.50083798804224 58 24 103 118
398.9837089406032 0 3 0 1
379.10684509779037 1 3 0 3
350.2013706426633 63 57 107 116
306.1927497508718 58 37 103 104
303.7795253140014 87 89 162 163
299.7232056414718 45 22 80 114
294.441844852256 89 85 159 164
288.0433995077825 3 2 1 4
287.1271495348359 62 45 113 114
279.86067962470185 60 77 109 144
269.4327374318125 59 45 108 113
262.6194966105906 57 77 109 116
250.44959572736386 46 59 88 108
247.96975622039074 50 59 88 115
246.07722365143832 52 61 101 105
237.74145620820948 63 50 95 115
236.78260071213003 19 13 20 29
235.33168082517065 5 3 4 18
234.68276459936294 53 63 95 97
233.8482413874434 15 5 18 19
231.1406498217049 5 19 19 20
230.46257830719503 63 54 97 100
223.21514285549716 87 77 144 145
222.74873737015886 18 29 24 30
221.00904958847272 8 29 24 40
219.5449840010015 24 29 30 50
219.036526634258 87 86 145 163
218.04815981796315 1 8 3 23
201.64572894063488 29 37 50 63
200.24235316236172 52 55 85 101
200.06249023742555 36 47 62 86
198.04039991880444 57 51 96 102
196.82479518597242 77 63 116 124
193.3520105920805 36 51 72 86
193.01813386311662 23 26 33 54
192.37463450257678 57 56 102 107
191.00261778310787 17 26 33 43
190.76687343456672 19 25 29 44
190.68560512005092 35 22 61 80
190.24457942343588 63 56 100 107
187.8430195668713 81 89 151 159
187.7471704180918 3 8 3 8
187.25917868024518 13 25 29 41
186.2713075060139 58 61 105 119
184.70787747142782 58 52 104 105
183.09833423600554 22 17 34 43
179.7247896090019 31 39 52 73
176.64653973401235 25 39 52 59
176.02556632489498 52 37 91 104
175.14565367145138 30 28 49 51
175.0 31 47 62 73
174.4706279005151 25 32 42 59
174.18381095842403 65 61 119 120
172.69916039170545 55 61 101 110
169.9235122047564 18 8 23 24
167.44252745345193 60 87 111 144
167.4305826305338 61 87 111 131
158.67261893597143 88 87 161 162
157.15279189374905 16 0 21 38
155.76905982896605 50 46 87 88
155.2063143045411 60 55 106 110
153.48289807011074 60 57 106 109
152.55163060419903 20 30 36 49
152.50573759698352 44 55 85 92
152.48606493709514 23 13 37 41
149.96666296213968 32 26 54 60
149.57606760441325 1 18 22 23
148.296999295333 62 59 113 122
148.16544806398016 20 29 36 40
147.24808997063425 22 12 34 35
147.24808997063425 20 8 25 40
145.64683312726027 74 87 131 161
144.55794685869054 24 37 50 103
144.5441109142811 57 49 96 98
142.76203977248295 18 24 30 39
139.71399357258383 40 29 57 63
139.44532978913276 37 40 63 91
139.2838827718412 39 43 67 81
138.27870407260838 44 48 71 92
137.7679207943562 28 20 48 49
137.0 16 1 21 22
136.5650028374766 65 74 120 133
136.40014662748717 55 49 89 98
135.88230201170424 63 76 124 135
135.5322839769182 24 16 38 39
134.82581355215328 46 39 81 87
134.35028842544403 36 49 72 84
133.461604965623 32 43 67 74
132.84953895290718 9 7 7 11
132.59336333316233 4 9 7 9
132.51792331605563 10 7 11 15
131.7269904006009 30 34 51 68
131.54847015454038 55 48 89 92
130.58713566044705 52 44 75 85
129.3560976529518 40 30 57 64
128.70508925446578 82 89 151 155
126.60568707605516 49 51 72 96
126.01983970788092 12 10 15 26
125.29964086141669 31 36 53 62
122.413234578619 31 33 53 56
122.31925441237779 47 39 73 82
122.18837915284743 23 32 42 54
121.2023102090055 27 19 44 46
120.83873551142447 76 73 135 136
120.44085685513866 17 23 33 37
118.66338946785567 30 38 64 68
117.61377470347595 85 81 156 159
116.92732785794773 35 32 60 74
116.86744627996283 19 28 32 46
116.66190466471906 40 52 75 91
116.60617479361889 3 14 6 8
114.21471008587291 45 35 79 80
114.15778554264269 28 27 46 47
113.8859078200635 39 50 82 87
113.17243480636087 27 33 47 56
111.97321108193692 74 88 143 161
110.86027241532469 13 17 14 37
110.6752004741803 21 14 27 28
109.14210919713801 8 14 8 25
108.04628637764463 3 15 6 18
104.9571341072154 34 42 66 70
104.86181383134662 28 34 51 55
104.35516278555653 25 23 41 42
103.77379245262263 40 44 69 75
103.47946656221222 39 32 59 67
102.61578825892241 59 63 112 115
102.08329931972223 34 38 65 68
102.0 43 35 74 79
101.71037311896953 76 89 157 158
100.84641788382967 66 59 122 127
100.44899203078148 35 26 60 61
99.45853407325085 56 51 99 102
99.24716620639605 27 25 44 45
99.18165152889922 34 36 58 70
98.2700361249552 21 28 32 48
96.51942809610922 34 33 55 58
95.51963149007642 69 85 137 148
95.29428104561154 42 36 70 84
95.08417323613851 68 69 125 126
94.66784036831092 56 54 99 100
94.04786015641184 5 11 2 17
93.53608929178085 86 89 157 163
93.00537618869136 61 74 120 131
92.7631392310545 41 48 71 77
92.59049627256569 26 22 43 61
92.11405973031479 80 68 126 147
90.24965373894794 38 41 65 76
89.9388681271896 59 69 117 127
89.64373932405988 76 86 157 160
89.40357934669059 11 17 13 14
88.54377448471463 78 74 142 143
87.13208364316787 80 69 126 148
87.09190547921202 2 11 2 12
86.20904824900921 72 74 133 142
85.38149682454625 71 85 137 152
85.0 14 15 6 27
84.09518416651456 28 33 47 55
84.02380615040002 73 84 136 154
83.5224520712844 21 15 27 31
83.45058418010025 10 17 13 26
83.2946576918352 20 14 25 28
82.60750571225353 68 81 134 147
81.83520025025905 15 19 19 31
81.43709228600932 9 2 9 12
81.12336284942828 84 89 155 158
80.44874144447508 13 5 17 20
80.05623023850174 25 31 45 52
79.98124780221924 12 6 16 35
79.62411694957754 80 85 148 156
78.89233169326407 47 50 82 94
77.83315488916018 68 79 134 146
77.3886296557834 17 12 26 34
76.53757247260982 41 44 71 76
76.48529270389177 51 54 90 99
75.43208866258445 51 47 86 90
75.39230729988307 64 69 117 125
74.027022093287 34 41 65 66
74.0 77 76 124 160
73.49829930005183 63 73 135 139
72.17340230306452 46 45 78 108
70.2922470831599 59 67 112 123
69.35416353759881 65 72 133 141
69.02897942168927 65 58 118 119
68.88396039717809 21 19 31 32
68.26419266350405 40 38 64 69
67.7421582177598 20 21 28 48
66.84309986827361 73 68 140 146
65.06919393998974 84 82 154 155
64.19501538281614 38 44 69 76
64.03124237432849 47 54 90 93
63.63961030678928 82 81 149 151
61.773780845922005 2 5 2 4
61.40032573203501 76 84 136 158
61.29437168288782 53 47 93 94
60.307545133258415 27 31 45 56
60.00833275470998 43 45 78 79
59.68249324550709 71 69 129 137
59.03388857258176 73 67 139 140
58.24087911424415 41 42 66 77
58.13776741499453 69 70 128 129
56.85947590331799 85 75 152 153
56.1426753904728 77 86 145 160
55.47071299343465 42 49 83 84
54.571054598569006 66 62 122 130
53.75872022286245 4 7 5 7
53.225933528685054 7 6 5 16
52.92447448959697 75 71 138 152
52.63078946776307 64 67 121 123
49.01020301937138 82 73 150 154
48.60041152089147 55 57 98 106
48.466483264210545 63 67 112 139
47.801673610868484 48 42 77 83
47.4236228055175 71 62 132 138
47.265209192385896 16 18 22 39
43.41658669218482 70 62 130 132
40.607881008493905 66 70 128 130
39.82461550347975 79 73 146 150
39.20459156782532 81 80 147 156
39.01281840626232 85 83 153 164
38.07886552931954 79 81 134 149
36.49657518178931 12 7 15 16
35.73513677041127 53 50 94 95
34.655446902326915 64 68 121 125
34.058772731852805 78 72 141 142
33.61547262794322 43 46 78 81
33.421549934136806 69 66 127 128
33.24154027718932 11 13 14 17
32.14031735997639 59 64 117 123
31.622776601683793 79 82 149 150
28.23118842698621 67 68 121 140
26.870057685088806 0 1 0 21
23.40939982143925 61 60 110 111
21.095023109728988 54 53 93 97
17.804493814764854 29 30 36 57
16.278820596099706 33 36 53 58
14.866068747318504 9 11 10 12
13.341664064126334 48 49 83 89
13.0 11 10 10 13
5.099019513592785 9 10 10 11
5.099019513592785 71 70 129 132
