1 5 0
3 2 0
1 11 5
0 5 10
11 1 4
5 6 10
2 9 8
2 8 7
9 2 3
3 10 15
8 9 17
11 14 6
10 3 0
11 6 5
14 11 13
12 9 3
9 12 16
13 11 4
6 14 20
14 13 21
6 20 22
3 15 18
18 12 3
12 18 25
9 16 17
25 16 12
17 7 8
10 22 23
16 25 26
19 7 17
21 20 14
22 10 6
23 15 10
21 29 13
21 31 20
15 23 24
22 20 31
24 18 15
31 21 28
18 24 27
26 17 16
18 27 35
35 25 18
26 19 17
24 23 34
29 28 21
32 23 22
31 32 22
29 13 4
31 28 29
30 26 25
23 32 34
34 27 24
35 30 25
33 26 30
33 19 26
32 36 34
27 34 40
30 35 42
31 29 38
36 32 31
34 36 37
27 40 41
36 38 43
35 41 42
38 29 4
38 36 31
34 43 40
33 42 45
39 19 33
43 34 37
41 35 27
42 33 30
43 37 36
40 43 46
40 46 48
42 41 48
42 44 45
45 39 33
43 47 46
48 41 40
48 46 47
43 51 52
48 44 42
44 48 56
45 50 49
49 39 45
39 49 57
57 19 39
47 52 53
50 45 44
51 43 38
52 47 43
53 48 47
48 53 55
56 50 44
54 49 50
58 53 52
53 58 59
48 55 56
56 54 50
54 56 62
57 49 54
57 7 19
58 52 60
53 59 61
61 55 53
58 60 63
55 61 62
60 52 51
59 63 61
62 56 55
54 62 68
63 59 58
61 63 69
65 51 38
51 65 64
64 60 51
60 64 67
67 63 60
65 38 4
67 69 63
66 62 61
62 66 68
67 64 65
66 69 68
68 57 54
69 66 61
