0 1 6
3 2 0
2 5 4
4 0 2
14 3 0
2 11 5
0 6 14
1 7 8
1 8 12
12 6 1
9 8 7
8 17 12
10 9 7
8 16 17
11 2 3
11 4 5
6 12 15
13 11 3
14 13 3
16 8 9
15 14 6
14 15 22
16 9 10
12 17 20
18 17 16
17 18 20
12 20 28
19 13 14
13 19 23
18 21 24
20 24 28
16 10 56
21 18 16
24 20 18
22 19 14
28 22 15
23 19 22
23 26 13
28 15 12
23 29 25
23 27 26
27 23 25
26 11 13
26 37 11
29 23 22
22 28 33
25 29 34
32 27 25
30 29 22
29 30 34
31 26 27
27 32 31
28 35 33
33 30 22
30 33 40
34 32 25
32 34 44
38 28 24
28 38 35
33 35 40
44 31 32
31 47 36
36 26 31
37 26 36
40 39 30
37 4 11
24 41 38
35 38 46
34 39 42
39 34 30
24 21 50
38 41 43
38 43 46
39 40 53
34 42 45
46 40 35
45 44 34
31 44 47
53 42 39
43 48 57
40 46 53
44 55 51
44 51 47
47 37 36
48 43 41
48 54 60
41 50 49
49 48 41
54 48 49
21 52 50
50 41 24
50 54 49
55 44 45
51 37 47
21 56 52
50 52 60
42 53 62
46 57 53
57 46 43
62 45 42
56 21 16
52 56 58
52 58 59
53 57 67
52 59 63
60 54 50
48 60 64
64 57 48
61 60 52
64 60 61
62 55 45
62 51 55
63 59 73
63 61 52
61 68 64
57 64 65
64 68 77
57 65 70
62 67 69
62 66 76
76 51 62
67 62 53
73 68 63
68 61 63
77 65 64
70 67 57
69 66 62
67 70 72
67 72 75
69 75 74
71 66 69
76 66 71
77 70 65
73 58 56
73 59 58
68 73 77
75 69 67
74 71 69
79 72 70
74 75 79
76 71 74
51 76 78
70 77 79
79 75 72
78 76 74
78 37 51
74 79 78
