0 1 3
3 2 0
2 5 11
3 1 8
5 2 3
4 7 6
3 14 15
4 9 7
3 8 14
9 4 2
9 11 10
10 7 9
11 9 2
10 11 17
11 13 17
12 7 10
12 6 7
13 11 5
15 5 3
5 15 19
19 13 5
16 1 0
1 16 18
18 8 1
8 18 29
20 14 8
17 12 10
21 15 14
14 20 21
13 19 25
18 24 29
21 19 15
19 21 28
17 23 26
22 12 17
22 6 12
20 29 30
23 17 13
24 16 0
24 18 16
29 20 8
25 23 13
23 25 32
26 22 17
27 25 19
25 27 31
28 27 19
27 28 33
28 21 20
30 28 20
29 24 37
28 30 34
25 31 39
31 33 36
32 26 23
34 33 28
33 31 27
40 30 29
33 34 36
39 32 25
35 26 32
35 22 26
31 36 47
29 37 40
30 40 38
34 38 41
34 41 42
32 39 43
38 34 30
38 40 44
42 36 34
41 44 48
36 49 51
47 39 31
43 35 32
40 52 44
44 41 38
48 42 41
43 46 45
45 35 43
45 22 35
46 43 39
39 47 50
42 48 49
49 36 42
44 52 55
51 47 36
50 46 39
46 50 59
55 49 48
47 51 54
52 40 37
55 48 44
54 53 47
53 50 47
53 63 50
57 51 49
63 53 54
49 55 57
56 54 51
63 54 56
55 52 61
57 56 51
58 37 24
58 52 37
52 58 61
60 57 55
63 56 57
59 45 46
57 60 77
61 60 55
60 61 87
59 63 67
62 45 59
62 22 45
63 59 50
77 63 57
59 64 69
65 58 24
65 61 58
61 65 74
64 67 68
66 62 59
67 64 59
63 77 76
64 68 69
80 69 68
69 66 59
66 69 70
71 70 69
70 62 66
61 74 87
71 62 70
65 72 74
68 79 81
63 76 73
73 76 84
71 69 85
75 62 71
73 67 63
73 68 67
78 72 65
78 74 72
74 78 88
87 77 60
77 87 86
79 68 73
81 80 68
69 80 85
79 82 81
82 79 73
81 82 89
85 75 71
75 85 83
73 84 82
84 89 82
85 80 81
76 86 89
89 84 76
89 85 81
86 76 77
88 87 74
87 88 89
89 86 87
89 83 85
