526   344
892   620
927   867
852   180
98   919
159   970
802   339
544   284
718   357
541   992
553   365
526   965
477   205
410   862
572   707
721   229
194   131
674   229
905   11
476   851
200   249
830   837
808   151
849   160
789   143
126   403
276   881
584   574
673   20
587   972
399   922
295   851
512   168
255   689
402   706
176   708
438   924
552   765
545   342
442   555
504   28
532   95
294   237
200   301
713   957
322   476
518   438
434   276
679   418
813   767
43   982
436   836
971   274
605   421
921   663
501   416
194   603
200   782
942   259
726   508
