1160   9226
7873   2588
9827   71
4610   9394
9871   3735
4689   2576
1799   1278
180   1814
4671   1713
7664   4993
136   9796
4116   2556
5586   6030
5962   2378
3071   4244
8239   1554
6260   3849
3152   9130
1918   6999
7357   6870
1994   8195
7470   1845
4472   1417
8624   774
9689   2843
2949   7282
2864   4296
5355   9583
6583   6294
507   9025
8938   499
4469   6200
1574   9998
2255   2583
6303   5318
4463   8645
1275   804
2597   7072
2904   2969
2889   3204
963   6525
2975   8751
905   9844
6371   5008
2609   5521
6201   4201
8894   6418
8471   8441
3773   6989
8140   3613
