780   270
520   898
366   753
250   900
608   965
900   755
311   631
408   132
294   841
647   810
73   925
828   237
650   754
713   824
756   102
710   291
583   763
331   105
644   407
767   131
629   552
616   986
980   877
918   725
698   918
202   68
722   527
591   463
29   222
50   761
386   261
912   107
691   283
708   195
48   868
993   633
521   486
834   374
572   825
571   848
55   947
666   380
695   220
520   845
819   788
283   405
639   299
17   614
548   736
802   260
321   538
504   808
447   768
128   143
617   438
98   115
214   47
911   576
866   651
889   709
75   516
719   73
964   369
892   522
362   232
424   676
863   784
957   865
342   267
708   589
640   717
945   617
660   942
629   706
859   481
660   515
887   300
456   249
562   687
572   558
