580   665
107   739
275   741
591   647
822   780
576   183
382   800
129   697
985   190
896   635
69   919
170   800
497   423
803   980
117   728
341   255
408   914
795   300
413   468
896   561
463   212
171   85
457   280
952   565
529   631
875   754
145   432
576   572
166   38
655   367
315   543
546   449
460   732
397   465
518   300
872   137
38   417
132   348
569   699
742   102
837   901
811   104
684   406
522   921
407   369
361   582
301   26
543   436
924   753
33   705
809   831
816   927
327   244
841   959
915   816
927   688
112   740
672   598
895   980
92   871
956   346
106   242
906   779
214   476
833   806
846   960
804   735
926   972
215   341
29   38
227   974
527   849
309   931
321   429
437   75
911   855
225   408
63   651
10   19
777   834
803   278
498   866
128   865
878   223
997   647
481   367
41   854
906   139
308   642
927   933
