511   901
48   711
928   51
774   872
707   900
794   725
79   313
539   522
949   658
386   324
164   224
409   421
476   61
292   196
131   969
606   465
930   14
688   621
16   339
78   47
439   337
766   374
237   205
453   366
573   403
849   313
866   561
258   884
378   207
344   853
869   695
417   706
297   303
664   443
576   765
156   440
576   810
363   151
365   145
270   600
347   551
736   98
327   762
981   918
550   611
238   503
25   775
793   618
142   835
552   742
823   442
816   437
408   866
311   498
983   516
892   396
375   790
773   496
735   835
303   395
114   307
218   714
146   826
288   216
278   943
17   178
247   774
969   38
225   200
796   977
